CMDLINE c:\users\ty\appdata\local\programs\python\python37\python.exe chompyDriver.py
MEM 1.597656 1570332452.8060
MEM 18.632812 1570332452.9107
MEM 31.320312 1570332453.0133
CHLD 0 7.492188 1570332453.0163
CHLD 1 7.312500 1570332453.0163
CHLD 2 6.953125 1570332453.0163
MEM 31.320312 1570332453.1170
CHLD 0 18.941406 1570332453.1190
CHLD 1 18.886719 1570332453.1190
CHLD 2 18.640625 1570332453.1190
MEM 31.320312 1570332453.2197
CHLD 0 31.332031 1570332453.2217
CHLD 1 33.339844 1570332453.2217
CHLD 2 31.433594 1570332453.2217
MEM 31.320312 1570332453.3235
CHLD 0 31.335938 1570332453.3255
CHLD 1 39.656250 1570332453.3255
CHLD 2 31.433594 1570332453.3255
MEM 31.320312 1570332453.4263
CHLD 0 31.335938 1570332453.4283
CHLD 1 40.781250 1570332453.4283
CHLD 2 31.433594 1570332453.4283
MEM 31.320312 1570332453.5291
CHLD 0 31.335938 1570332453.5311
CHLD 1 41.906250 1570332453.5311
CHLD 2 31.433594 1570332453.5311
MEM 31.320312 1570332453.6313
CHLD 0 31.335938 1570332453.6333
CHLD 1 42.968750 1570332453.6333
CHLD 2 31.433594 1570332453.6333
MEM 31.320312 1570332453.7340
CHLD 0 31.335938 1570332453.7360
CHLD 1 44.093750 1570332453.7360
CHLD 2 31.433594 1570332453.7360
MEM 31.320312 1570332453.8360
CHLD 0 31.335938 1570332453.8380
CHLD 1 45.167969 1570332453.8380
CHLD 2 31.433594 1570332453.8380
MEM 31.320312 1570332453.9383
CHLD 0 31.335938 1570332453.9403
CHLD 1 46.343750 1570332453.9403
CHLD 2 31.433594 1570332453.9403
MEM 31.320312 1570332454.0410
CHLD 0 31.335938 1570332454.0430
CHLD 1 47.464844 1570332454.0430
CHLD 2 31.433594 1570332454.0430
MEM 31.320312 1570332454.1433
CHLD 0 31.335938 1570332454.1453
CHLD 1 48.589844 1570332454.1453
CHLD 2 31.433594 1570332454.1453
MEM 31.320312 1570332454.2460
CHLD 0 31.335938 1570332454.2480
CHLD 1 49.652344 1570332454.2480
CHLD 2 38.367188 1570332454.2480
MEM 31.320312 1570332454.3488
CHLD 0 31.335938 1570332454.3508
CHLD 1 50.714844 1570332454.3508
CHLD 2 39.484375 1570332454.3508
MEM 31.320312 1570332454.4515
CHLD 0 31.335938 1570332454.4535
CHLD 1 51.839844 1570332454.4535
CHLD 2 40.609375 1570332454.4535
MEM 31.320312 1570332454.5542
CHLD 0 31.335938 1570332454.5562
CHLD 1 52.984375 1570332454.5562
CHLD 2 41.796875 1570332454.5562
MEM 31.320312 1570332454.6569
CHLD 0 31.335938 1570332454.6589
CHLD 1 54.109375 1570332454.6589
CHLD 2 42.859375 1570332454.6589
MEM 31.320312 1570332454.7599
CHLD 0 31.335938 1570332454.7619
CHLD 1 55.234375 1570332454.7619
CHLD 2 43.984375 1570332454.7619
MEM 31.320312 1570332454.8623
CHLD 0 31.335938 1570332454.8643
CHLD 1 56.273438 1570332454.8643
CHLD 2 45.109375 1570332454.8643
MEM 31.320312 1570332454.9643
CHLD 0 31.335938 1570332454.9664
CHLD 1 57.421875 1570332454.9664
CHLD 2 46.234375 1570332454.9664
MEM 31.320312 1570332455.0673
CHLD 0 31.335938 1570332455.0692
CHLD 1 58.484375 1570332455.0692
CHLD 2 47.351562 1570332455.0692
MEM 31.320312 1570332455.1700
CHLD 0 31.335938 1570332455.1720
CHLD 1 59.546875 1570332455.1720
CHLD 2 48.472656 1570332455.1720
MEM 31.320312 1570332455.2720
CHLD 0 31.335938 1570332455.2740
CHLD 1 60.652344 1570332455.2740
CHLD 2 49.601562 1570332455.2740
MEM 31.320312 1570332455.3750
CHLD 0 31.335938 1570332455.3770
CHLD 1 61.671875 1570332455.3770
CHLD 2 50.789062 1570332455.3770
MEM 31.320312 1570332455.4771
CHLD 0 31.335938 1570332455.4791
CHLD 1 62.734375 1570332455.4791
CHLD 2 51.929688 1570332455.4791
MEM 31.320312 1570332455.5800
CHLD 0 31.335938 1570332455.5820
CHLD 1 63.859375 1570332455.5820
CHLD 2 53.066406 1570332455.5820
MEM 31.320312 1570332455.6820
CHLD 0 31.335938 1570332455.6840
CHLD 1 64.984375 1570332455.6840
CHLD 2 54.191406 1570332455.6840
MEM 31.320312 1570332455.7841
CHLD 0 31.335938 1570332455.7861
CHLD 1 66.031250 1570332455.7861
CHLD 2 55.316406 1570332455.7861
MEM 31.320312 1570332455.8864
CHLD 0 31.335938 1570332455.8884
CHLD 1 67.234375 1570332455.8884
CHLD 2 56.441406 1570332455.8884
MEM 31.320312 1570332455.9894
CHLD 0 31.335938 1570332455.9914
CHLD 1 68.308594 1570332455.9914
CHLD 2 57.566406 1570332455.9914
MEM 31.320312 1570332456.0924
CHLD 0 31.335938 1570332456.0944
CHLD 1 69.421875 1570332456.0944
CHLD 2 58.691406 1570332456.0944
MEM 31.320312 1570332456.1946
CHLD 0 31.335938 1570332456.1966
CHLD 1 70.523438 1570332456.1966
CHLD 2 59.746094 1570332456.1966
MEM 31.320312 1570332456.2974
CHLD 0 31.335938 1570332456.2994
CHLD 1 71.617188 1570332456.2994
CHLD 2 60.878906 1570332456.2994
MEM 31.320312 1570332456.4001
CHLD 0 31.335938 1570332456.4031
CHLD 1 72.718750 1570332456.4031
CHLD 2 62.000000 1570332456.4031
MEM 31.320312 1570332456.5039
CHLD 0 31.335938 1570332456.5059
CHLD 1 73.851562 1570332456.5059
CHLD 2 62.976562 1570332456.5059
MEM 31.320312 1570332456.6066
CHLD 0 31.335938 1570332456.6086
CHLD 1 75.023438 1570332456.6086
CHLD 2 64.128906 1570332456.6086
MEM 31.320312 1570332456.7090
CHLD 0 31.335938 1570332456.7110
CHLD 1 76.085938 1570332456.7110
CHLD 2 65.316406 1570332456.7110
MEM 31.320312 1570332456.8116
CHLD 0 31.335938 1570332456.8136
CHLD 1 77.242188 1570332456.8136
CHLD 2 66.441406 1570332456.8136
MEM 31.320312 1570332456.9143
CHLD 0 31.335938 1570332456.9173
CHLD 1 78.367188 1570332456.9173
CHLD 2 67.628906 1570332456.9173
MEM 31.320312 1570332457.0180
CHLD 0 31.335938 1570332457.0200
CHLD 1 79.492188 1570332457.0200
CHLD 2 68.753906 1570332457.0200
MEM 31.320312 1570332457.1200
CHLD 0 31.335938 1570332457.1220
CHLD 1 80.554688 1570332457.1220
CHLD 2 69.847656 1570332457.1220
MEM 31.320312 1570332457.2229
CHLD 0 31.335938 1570332457.2249
CHLD 1 81.617188 1570332457.2249
CHLD 2 70.976562 1570332457.2249
MEM 31.320312 1570332457.3252
CHLD 0 31.335938 1570332457.3272
CHLD 1 82.644531 1570332457.3272
CHLD 2 72.042969 1570332457.3272
MEM 31.320312 1570332457.4274
CHLD 0 31.335938 1570332457.4294
CHLD 1 83.804688 1570332457.4294
CHLD 2 73.226562 1570332457.4294
MEM 31.320312 1570332457.5302
CHLD 0 31.335938 1570332457.5322
CHLD 1 84.890625 1570332457.5322
CHLD 2 74.300781 1570332457.5322
MEM 31.320312 1570332457.6322
CHLD 0 31.335938 1570332457.6342
CHLD 1 86.015625 1570332457.6342
CHLD 2 75.414062 1570332457.6342
MEM 31.320312 1570332457.7349
CHLD 0 31.335938 1570332457.7370
CHLD 1 87.140625 1570332457.7370
CHLD 2 76.539062 1570332457.7370
MEM 31.320312 1570332457.8378
CHLD 0 31.335938 1570332457.8398
CHLD 1 88.199219 1570332457.8398
CHLD 2 77.664062 1570332457.8398
MEM 31.320312 1570332457.9407
CHLD 0 31.335938 1570332457.9427
CHLD 1 89.328125 1570332457.9427
CHLD 2 78.824219 1570332457.9427
MEM 31.320312 1570332458.0436
CHLD 0 31.335938 1570332458.0456
CHLD 1 90.453125 1570332458.0456
CHLD 2 79.976562 1570332458.0456
MEM 31.320312 1570332458.1458
CHLD 0 31.335938 1570332458.1478
CHLD 1 91.578125 1570332458.1478
CHLD 2 81.039062 1570332458.1478
MEM 31.320312 1570332458.2480
CHLD 0 31.335938 1570332458.2500
CHLD 1 92.640625 1570332458.2500
CHLD 2 82.164062 1570332458.2500
MEM 31.320312 1570332458.3500
CHLD 0 31.335938 1570332458.3519
CHLD 1 93.746094 1570332458.3519
CHLD 2 83.289062 1570332458.3519
MEM 31.320312 1570332458.4523
CHLD 0 31.335938 1570332458.4542
CHLD 1 94.843750 1570332458.4542
CHLD 2 84.437500 1570332458.4542
MEM 31.320312 1570332458.5550
CHLD 0 31.335938 1570332458.5570
CHLD 1 95.953125 1570332458.5570
CHLD 2 85.566406 1570332458.5570
MEM 31.320312 1570332458.6574
CHLD 0 31.335938 1570332458.6594
CHLD 1 97.078125 1570332458.6594
CHLD 2 86.691406 1570332458.6594
MEM 31.320312 1570332458.7602
CHLD 0 31.335938 1570332458.7632
CHLD 1 98.140625 1570332458.7632
CHLD 2 87.824219 1570332458.7632
MEM 31.320312 1570332458.8639
CHLD 0 31.335938 1570332458.8659
CHLD 1 98.968750 1570332458.8659
CHLD 2 89.066406 1570332458.8659
MEM 31.320312 1570332458.9668
CHLD 0 31.335938 1570332458.9688
CHLD 1 100.140625 1570332458.9688
CHLD 2 90.156250 1570332458.9688
MEM 31.320312 1570332459.0694
CHLD 0 31.335938 1570332459.0714
CHLD 1 101.203125 1570332459.0714
CHLD 2 91.253906 1570332459.0714
MEM 31.320312 1570332459.1721
CHLD 0 31.335938 1570332459.1741
CHLD 1 102.246094 1570332459.1741
CHLD 2 92.378906 1570332459.1741
MEM 31.320312 1570332459.2748
CHLD 0 31.335938 1570332459.2778
CHLD 1 103.390625 1570332459.2778
CHLD 2 93.503906 1570332459.2778
MEM 31.320312 1570332459.3785
CHLD 0 31.335938 1570332459.3805
CHLD 1 104.464844 1570332459.3805
CHLD 2 94.632812 1570332459.3805
MEM 31.320312 1570332459.4813
CHLD 0 31.335938 1570332459.4843
CHLD 1 105.656250 1570332459.4843
CHLD 2 95.816406 1570332459.4843
MEM 31.320312 1570332459.5845
CHLD 0 31.335938 1570332459.5865
CHLD 1 106.750000 1570332459.5865
CHLD 2 96.906250 1570332459.5865
MEM 31.320312 1570332459.6872
CHLD 0 31.335938 1570332459.6892
CHLD 1 107.875000 1570332459.6892
CHLD 2 98.097656 1570332459.6892
MEM 31.320312 1570332459.7900
CHLD 0 31.335938 1570332459.7920
CHLD 1 109.000000 1570332459.7920
CHLD 2 99.195312 1570332459.7920
MEM 31.320312 1570332459.8927
CHLD 0 31.335938 1570332459.8947
CHLD 1 110.125000 1570332459.8947
CHLD 2 100.097656 1570332459.8947
MEM 31.320312 1570332459.9954
CHLD 0 31.335938 1570332459.9974
CHLD 1 111.187500 1570332459.9974
CHLD 2 101.222656 1570332459.9974
MEM 31.320312 1570332460.0982
CHLD 0 31.335938 1570332460.1002
CHLD 1 112.250000 1570332460.1002
CHLD 2 102.363281 1570332460.1002
MEM 31.320312 1570332460.2009
CHLD 0 31.335938 1570332460.2029
CHLD 1 113.308594 1570332460.2029
CHLD 2 103.425781 1570332460.2029
MEM 31.320312 1570332460.3036
CHLD 0 31.335938 1570332460.3056
CHLD 1 114.500000 1570332460.3056
CHLD 2 104.550781 1570332460.3056
MEM 31.320312 1570332460.4064
CHLD 0 31.335938 1570332460.4084
CHLD 1 115.574219 1570332460.4084
CHLD 2 105.660156 1570332460.4084
MEM 31.320312 1570332460.5094
CHLD 0 31.335938 1570332460.5113
CHLD 1 116.718750 1570332460.5113
CHLD 2 106.863281 1570332460.5113
MEM 31.320312 1570332460.6123
CHLD 0 31.335938 1570332460.6143
CHLD 1 117.843750 1570332460.6143
CHLD 2 107.957031 1570332460.6143
MEM 31.320312 1570332460.7150
CHLD 0 31.335938 1570332460.7170
CHLD 1 118.953125 1570332460.7170
CHLD 2 109.113281 1570332460.7170
MEM 31.320312 1570332460.8173
CHLD 0 31.335938 1570332460.8193
CHLD 1 120.046875 1570332460.8193
CHLD 2 110.246094 1570332460.8193
MEM 31.320312 1570332460.9200
CHLD 0 31.335938 1570332460.9220
CHLD 1 121.367188 1570332460.9220
CHLD 2 111.394531 1570332460.9220
MEM 31.320312 1570332461.0230
CHLD 0 31.335938 1570332461.0250
CHLD 1 121.992188 1570332461.0250
CHLD 2 112.500000 1570332461.0250
MEM 31.320312 1570332461.1257
CHLD 0 31.335938 1570332461.1277
CHLD 1 122.000000 1570332461.1277
CHLD 2 113.660156 1570332461.1277
MEM 31.320312 1570332461.2287
CHLD 0 31.335938 1570332461.2306
CHLD 1 122.000000 1570332461.2306
CHLD 2 114.726562 1570332461.2306
MEM 31.320312 1570332461.3311
CHLD 0 31.335938 1570332461.3331
CHLD 1 122.011719 1570332461.3331
CHLD 2 115.847656 1570332461.3331
MEM 31.320312 1570332461.4338
CHLD 0 31.335938 1570332461.4365
CHLD 1 122.011719 1570332461.4365
CHLD 2 116.722656 1570332461.4365
MEM 31.320312 1570332461.5372
CHLD 0 31.335938 1570332461.5392
CHLD 1 122.011719 1570332461.5392
CHLD 2 116.722656 1570332461.5392
MEM 31.320312 1570332461.6400
CHLD 0 31.335938 1570332461.6420
CHLD 1 122.277344 1570332461.6420
CHLD 2 116.726562 1570332461.6420
MEM 31.320312 1570332461.7421
CHLD 0 31.335938 1570332461.7441
CHLD 1 123.464844 1570332461.7441
CHLD 2 116.738281 1570332461.7441
MEM 31.320312 1570332461.8450
CHLD 0 31.335938 1570332461.8470
CHLD 1 124.214844 1570332461.8470
CHLD 2 116.738281 1570332461.8470
MEM 31.320312 1570332461.9470
CHLD 0 31.335938 1570332461.9490
CHLD 1 124.968750 1570332461.9490
CHLD 2 116.738281 1570332461.9490
MEM 31.320312 1570332462.0491
CHLD 0 31.335938 1570332462.0511
CHLD 1 125.718750 1570332462.0511
CHLD 2 116.738281 1570332462.0511
MEM 31.320312 1570332462.1519
CHLD 0 31.335938 1570332462.1550
CHLD 1 126.531250 1570332462.1550
CHLD 2 116.738281 1570332462.1550
MEM 31.320312 1570332462.2555
CHLD 0 31.335938 1570332462.2575
CHLD 1 127.406250 1570332462.2575
CHLD 2 116.738281 1570332462.2575
MEM 31.320312 1570332462.3585
CHLD 0 31.335938 1570332462.3605
CHLD 1 128.093750 1570332462.3605
CHLD 2 116.738281 1570332462.3605
MEM 31.320312 1570332462.4614
CHLD 0 31.335938 1570332462.4634
CHLD 1 128.906250 1570332462.4634
CHLD 2 116.738281 1570332462.4634
MEM 31.320312 1570332462.5636
CHLD 0 31.335938 1570332462.5663
CHLD 1 129.781250 1570332462.5663
CHLD 2 116.738281 1570332462.5663
MEM 31.320312 1570332462.6667
CHLD 0 31.335938 1570332462.6687
CHLD 1 130.718750 1570332462.6687
CHLD 2 116.738281 1570332462.6687
MEM 31.320312 1570332462.7694
CHLD 0 31.335938 1570332462.7714
CHLD 1 131.656250 1570332462.7714
CHLD 2 116.738281 1570332462.7714
MEM 31.320312 1570332462.8722
CHLD 0 31.335938 1570332462.8741
CHLD 1 132.656250 1570332462.8741
CHLD 2 116.738281 1570332462.8741
MEM 31.320312 1570332462.9749
CHLD 0 31.335938 1570332462.9769
CHLD 1 133.656250 1570332462.9769
CHLD 2 116.738281 1570332462.9769
MEM 31.320312 1570332463.0772
CHLD 0 31.335938 1570332463.0792
CHLD 1 134.582031 1570332463.0792
CHLD 2 116.738281 1570332463.0792
MEM 31.320312 1570332463.1800
CHLD 0 31.335938 1570332463.1820
CHLD 1 135.589844 1570332463.1820
CHLD 2 116.738281 1570332463.1820
MEM 31.320312 1570332463.2907
CHLD 0 31.335938 1570332463.2927
CHLD 1 136.718750 1570332463.2927
CHLD 2 116.738281 1570332463.2927
MEM 31.320312 1570332463.3935
CHLD 0 31.335938 1570332463.3955
CHLD 1 137.718750 1570332463.3955
CHLD 2 116.738281 1570332463.3955
MEM 31.320312 1570332463.4956
CHLD 0 31.335938 1570332463.4976
CHLD 1 138.718750 1570332463.4976
CHLD 2 116.738281 1570332463.4976
MEM 31.320312 1570332463.5984
CHLD 0 31.335938 1570332463.6004
CHLD 1 139.792969 1570332463.6004
CHLD 2 116.738281 1570332463.6004
MEM 31.320312 1570332463.7011
CHLD 0 31.335938 1570332463.7031
CHLD 1 140.906250 1570332463.7031
CHLD 2 116.738281 1570332463.7031
MEM 31.320312 1570332463.8038
CHLD 0 31.335938 1570332463.8058
CHLD 1 141.906250 1570332463.8058
CHLD 2 116.738281 1570332463.8058
MEM 31.320312 1570332463.9066
CHLD 0 31.335938 1570332463.9086
CHLD 1 143.031250 1570332463.9086
CHLD 2 116.738281 1570332463.9086
MEM 31.320312 1570332464.0093
CHLD 0 31.335938 1570332464.0123
CHLD 1 144.066406 1570332464.0123
CHLD 2 116.738281 1570332464.0123
MEM 31.320312 1570332464.1129
CHLD 0 31.335938 1570332464.1149
CHLD 1 145.156250 1570332464.1149
CHLD 2 116.738281 1570332464.1149
MEM 31.320312 1570332464.2157
CHLD 0 31.335938 1570332464.2177
CHLD 1 146.218750 1570332464.2177
CHLD 2 116.738281 1570332464.2177
MEM 31.320312 1570332464.3184
CHLD 0 31.335938 1570332464.3204
CHLD 1 147.281250 1570332464.3204
CHLD 2 116.738281 1570332464.3204
MEM 31.320312 1570332464.4211
CHLD 0 31.335938 1570332464.4231
CHLD 1 148.468750 1570332464.4231
CHLD 2 116.738281 1570332464.4231
MEM 31.320312 1570332464.5239
CHLD 0 31.335938 1570332464.5259
CHLD 1 149.535156 1570332464.5259
CHLD 2 116.738281 1570332464.5259
MEM 31.320312 1570332464.6268
CHLD 0 31.335938 1570332464.6288
CHLD 1 150.722656 1570332464.6288
CHLD 2 116.738281 1570332464.6288
MEM 31.320312 1570332464.7290
CHLD 0 31.335938 1570332464.7320
CHLD 1 151.808594 1570332464.7320
CHLD 2 116.738281 1570332464.7320
MEM 31.320312 1570332464.8322
CHLD 0 31.335938 1570332464.8351
CHLD 1 152.972656 1570332464.8351
CHLD 2 116.738281 1570332464.8351
MEM 31.320312 1570332464.9359
CHLD 0 31.335938 1570332464.9379
CHLD 1 154.097656 1570332464.9379
CHLD 2 116.738281 1570332464.9379
MEM 31.320312 1570332465.0388
CHLD 0 31.335938 1570332465.0408
CHLD 1 155.285156 1570332465.0408
CHLD 2 116.738281 1570332465.0408
MEM 31.320312 1570332465.1415
CHLD 0 31.335938 1570332465.1435
CHLD 1 156.410156 1570332465.1435
CHLD 2 116.738281 1570332465.1435
MEM 31.320312 1570332465.2442
CHLD 0 31.335938 1570332465.2462
CHLD 1 157.574219 1570332465.2462
CHLD 2 116.738281 1570332465.2462
MEM 31.320312 1570332465.3469
CHLD 0 31.335938 1570332465.3489
CHLD 1 158.722656 1570332465.3489
CHLD 2 116.738281 1570332465.3489
MEM 31.320312 1570332465.4497
CHLD 0 31.335938 1570332465.4517
CHLD 1 159.972656 1570332465.4517
CHLD 2 116.738281 1570332465.4517
MEM 31.320312 1570332465.5524
CHLD 0 31.335938 1570332465.5549
CHLD 1 161.082031 1570332465.5549
CHLD 2 116.738281 1570332465.5549
MEM 31.320312 1570332465.6553
CHLD 0 31.335938 1570332465.6573
CHLD 1 161.785156 1570332465.6573
CHLD 2 116.738281 1570332465.6573
MEM 31.320312 1570332465.7580
CHLD 0 31.335938 1570332465.7600
CHLD 1 163.035156 1570332465.7600
CHLD 2 116.738281 1570332465.7600
MEM 31.320312 1570332465.8608
CHLD 0 31.335938 1570332465.8628
CHLD 1 164.160156 1570332465.8628
CHLD 2 116.738281 1570332465.8628
MEM 31.320312 1570332465.9636
CHLD 0 31.335938 1570332465.9656
CHLD 1 165.472656 1570332465.9656
CHLD 2 116.738281 1570332465.9656
MEM 31.320312 1570332466.0658
CHLD 0 31.335938 1570332466.0678
CHLD 1 166.554688 1570332466.0678
CHLD 2 116.738281 1570332466.0678
MEM 31.320312 1570332466.1685
CHLD 0 31.335938 1570332466.1704
CHLD 1 167.722656 1570332466.1704
CHLD 2 116.738281 1570332466.1704
MEM 31.320312 1570332466.2712
CHLD 0 31.335938 1570332466.2732
CHLD 1 169.042969 1570332466.2732
CHLD 2 116.738281 1570332466.2732
MEM 31.320312 1570332466.3735
CHLD 0 31.335938 1570332466.3755
CHLD 1 170.167969 1570332466.3755
CHLD 2 116.738281 1570332466.3755
MEM 31.320312 1570332466.4757
CHLD 0 31.335938 1570332466.4777
CHLD 1 171.511719 1570332466.4777
CHLD 2 116.738281 1570332466.4777
MEM 31.320312 1570332466.5785
CHLD 0 31.335938 1570332466.5805
CHLD 1 172.699219 1570332466.5805
CHLD 2 116.738281 1570332466.5805
MEM 31.320312 1570332466.6812
CHLD 0 31.335938 1570332466.6842
CHLD 1 173.980469 1570332466.6842
CHLD 2 116.738281 1570332466.6842
MEM 31.320312 1570332466.7849
CHLD 0 31.335938 1570332466.7869
CHLD 1 175.273438 1570332466.7869
CHLD 2 116.738281 1570332466.7869
MEM 31.320312 1570332466.8875
CHLD 0 31.335938 1570332466.8895
CHLD 1 176.480469 1570332466.8895
CHLD 2 116.738281 1570332466.8895
MEM 31.320312 1570332466.9897
CHLD 0 31.335938 1570332466.9917
CHLD 1 177.792969 1570332466.9917
CHLD 2 116.738281 1570332466.9917
MEM 31.320312 1570332467.0924
CHLD 0 31.335938 1570332467.0944
CHLD 1 179.042969 1570332467.0944
CHLD 2 116.738281 1570332467.0944
MEM 31.320312 1570332467.1950
CHLD 0 31.335938 1570332467.1970
CHLD 1 180.167969 1570332467.1970
CHLD 2 116.738281 1570332467.1970
MEM 31.320312 1570332467.2979
CHLD 0 31.335938 1570332467.3009
CHLD 1 181.621094 1570332467.3009
CHLD 2 116.738281 1570332467.3009
MEM 31.320312 1570332467.4016
CHLD 0 31.335938 1570332467.4036
CHLD 1 182.902344 1570332467.4036
CHLD 2 116.738281 1570332467.4036
MEM 31.320312 1570332467.5044
CHLD 0 31.335938 1570332467.5064
CHLD 1 184.152344 1570332467.5064
CHLD 2 116.738281 1570332467.5064
MEM 31.320312 1570332467.6066
CHLD 0 31.335938 1570332467.6086
CHLD 1 185.574219 1570332467.6086
CHLD 2 116.738281 1570332467.6086
MEM 31.320312 1570332467.7093
CHLD 0 31.335938 1570332467.7113
CHLD 1 186.886719 1570332467.7113
CHLD 2 116.738281 1570332467.7113
MEM 31.320312 1570332467.8120
CHLD 0 31.335938 1570332467.8140
CHLD 1 188.136719 1570332467.8140
CHLD 2 116.738281 1570332467.8140
MEM 31.320312 1570332467.9150
CHLD 0 31.335938 1570332467.9170
CHLD 1 189.574219 1570332467.9170
CHLD 2 116.738281 1570332467.9170
MEM 31.320312 1570332468.0178
CHLD 0 31.335938 1570332468.0198
CHLD 1 190.824219 1570332468.0198
CHLD 2 116.738281 1570332468.0198
MEM 31.320312 1570332468.1204
CHLD 0 31.335938 1570332468.1224
CHLD 1 192.144531 1570332468.1224
CHLD 2 116.738281 1570332468.1224
MEM 31.320312 1570332468.2227
CHLD 0 31.335938 1570332468.2247
CHLD 1 193.531250 1570332468.2247
CHLD 2 116.781250 1570332468.2247
MEM 31.320312 1570332468.3256
CHLD 0 31.335938 1570332468.3276
CHLD 1 194.816406 1570332468.3276
CHLD 2 116.781250 1570332468.3276
MEM 31.320312 1570332468.4282
CHLD 0 31.335938 1570332468.4302
CHLD 1 195.394531 1570332468.4302
CHLD 2 116.781250 1570332468.4302
MEM 31.320312 1570332468.5309
CHLD 0 31.335938 1570332468.5339
CHLD 1 195.957031 1570332468.5339
CHLD 2 116.781250 1570332468.5339
MEM 31.320312 1570332468.6347
CHLD 0 31.335938 1570332468.6367
CHLD 1 196.074219 1570332468.6367
CHLD 2 116.785156 1570332468.6367
MEM 31.320312 1570332468.7369
CHLD 0 31.335938 1570332468.7389
CHLD 1 196.269531 1570332468.7389
CHLD 2 116.785156 1570332468.7389
MEM 31.320312 1570332468.8390
CHLD 0 31.335938 1570332468.8409
CHLD 1 196.542969 1570332468.8409
CHLD 2 116.785156 1570332468.8409
MEM 31.320312 1570332468.9409
CHLD 0 31.335938 1570332468.9429
CHLD 1 196.914062 1570332468.9429
CHLD 2 116.785156 1570332468.9429
MEM 31.320312 1570332469.0436
CHLD 0 31.335938 1570332469.0456
CHLD 1 197.226562 1570332469.0456
CHLD 2 116.789062 1570332469.0456
MEM 31.320312 1570332469.1459
CHLD 0 31.335938 1570332469.1484
CHLD 1 197.468750 1570332469.1484
CHLD 2 116.796875 1570332469.1484
MEM 31.320312 1570332469.2492
CHLD 0 31.335938 1570332469.2512
CHLD 1 197.726562 1570332469.2512
CHLD 2 116.796875 1570332469.2512
MEM 31.320312 1570332469.3519
CHLD 0 31.335938 1570332469.3539
CHLD 1 198.101562 1570332469.3539
CHLD 2 116.796875 1570332469.3539
MEM 31.320312 1570332469.4547
CHLD 0 31.335938 1570332469.4567
CHLD 1 198.386719 1570332469.4567
CHLD 2 116.796875 1570332469.4567
MEM 31.320312 1570332469.5574
CHLD 0 31.335938 1570332469.5594
CHLD 1 198.574219 1570332469.5594
CHLD 2 116.796875 1570332469.5594
MEM 31.320312 1570332469.6601
CHLD 0 31.335938 1570332469.6621
CHLD 1 198.824219 1570332469.6621
CHLD 2 116.796875 1570332469.6621
MEM 31.320312 1570332469.7629
CHLD 0 31.335938 1570332469.7649
CHLD 1 198.980469 1570332469.7649
CHLD 2 116.847656 1570332469.7649
MEM 31.320312 1570332469.8650
CHLD 0 31.335938 1570332469.8670
CHLD 1 199.199219 1570332469.8670
CHLD 2 116.847656 1570332469.8670
MEM 31.320312 1570332469.9678
CHLD 0 31.335938 1570332469.9697
CHLD 1 199.386719 1570332469.9697
CHLD 2 116.847656 1570332469.9697
MEM 31.320312 1570332470.0705
CHLD 0 31.335938 1570332470.0725
CHLD 1 199.574219 1570332470.0725
CHLD 2 116.847656 1570332470.0725
MEM 31.320312 1570332470.1732
CHLD 0 31.335938 1570332470.1752
CHLD 1 199.738281 1570332470.1752
CHLD 2 116.847656 1570332470.1752
MEM 31.320312 1570332470.2759
CHLD 0 31.335938 1570332470.2779
CHLD 1 199.949219 1570332470.2779
CHLD 2 116.847656 1570332470.2779
MEM 31.320312 1570332470.3782
CHLD 0 31.335938 1570332470.3812
CHLD 1 200.136719 1570332470.3812
CHLD 2 116.847656 1570332470.3812
MEM 31.320312 1570332470.4820
CHLD 0 31.335938 1570332470.4839
CHLD 1 200.324219 1570332470.4839
CHLD 2 116.863281 1570332470.4839
MEM 31.320312 1570332470.5845
CHLD 0 31.335938 1570332470.5865
CHLD 1 200.515625 1570332470.5865
CHLD 2 116.863281 1570332470.5865
MEM 31.320312 1570332470.6873
CHLD 0 31.335938 1570332470.6892
CHLD 1 200.699219 1570332470.6892
CHLD 2 116.863281 1570332470.6892
MEM 31.320312 1570332470.7900
CHLD 0 31.335938 1570332470.7920
CHLD 1 200.886719 1570332470.7920
CHLD 2 116.863281 1570332470.7920
MEM 31.320312 1570332470.8928
CHLD 0 31.335938 1570332470.8948
CHLD 1 201.019531 1570332470.8948
CHLD 2 116.863281 1570332470.8948
MEM 31.320312 1570332470.9956
CHLD 0 31.335938 1570332470.9976
CHLD 1 201.230469 1570332470.9976
CHLD 2 116.902344 1570332470.9976
MEM 31.320312 1570332471.0978
CHLD 0 31.335938 1570332471.0998
CHLD 1 201.417969 1570332471.0998
CHLD 2 116.910156 1570332471.0998
MEM 31.320312 1570332471.2008
CHLD 0 31.335938 1570332471.2028
CHLD 1 201.542969 1570332471.2028
CHLD 2 116.910156 1570332471.2028
MEM 31.320312 1570332471.3037
CHLD 0 31.335938 1570332471.3057
CHLD 1 201.675781 1570332471.3057
CHLD 2 116.914062 1570332471.3057
MEM 31.320312 1570332471.4064
CHLD 0 31.335938 1570332471.4084
CHLD 1 202.101562 1570332471.4084
CHLD 2 116.914062 1570332471.4084
MEM 31.320312 1570332471.5088
CHLD 0 31.335938 1570332471.5108
CHLD 1 202.304688 1570332471.5108
CHLD 2 116.917969 1570332471.5108
MEM 31.320312 1570332471.6115
CHLD 0 31.335938 1570332471.6135
CHLD 1 202.429688 1570332471.6135
CHLD 2 116.917969 1570332471.6135
MEM 31.320312 1570332471.7143
CHLD 0 31.335938 1570332471.7173
CHLD 1 48.820312 1570332471.7173
CHLD 2 116.917969 1570332471.7173
MEM 31.320312 1570332471.8177
CHLD 0 31.335938 1570332471.8197
CHLD 1 64.972656 1570332471.8197
CHLD 2 116.917969 1570332471.8197
MEM 31.320312 1570332471.9198
CHLD 0 31.335938 1570332471.9218
CHLD 1 86.648438 1570332471.9218
CHLD 2 116.917969 1570332471.9218
MEM 31.320312 1570332472.0227
CHLD 0 31.335938 1570332472.0247
CHLD 1 95.996094 1570332472.0247
CHLD 2 116.917969 1570332472.0247
MEM 31.320312 1570332472.1249
CHLD 0 31.335938 1570332472.1269
CHLD 1 97.097656 1570332472.1269
CHLD 2 116.917969 1570332472.1269
MEM 31.320312 1570332472.2270
CHLD 0 31.335938 1570332472.2289
CHLD 1 98.160156 1570332472.2289
CHLD 2 116.953125 1570332472.2299
MEM 31.320312 1570332472.3307
CHLD 0 31.335938 1570332472.3327
CHLD 1 99.250000 1570332472.3327
CHLD 2 116.953125 1570332472.3327
MEM 31.320312 1570332472.4334
CHLD 0 31.335938 1570332472.4354
CHLD 1 100.347656 1570332472.4354
CHLD 2 116.953125 1570332472.4354
MEM 31.320312 1570332472.5357
CHLD 0 31.335938 1570332472.5376
CHLD 1 101.472656 1570332472.5376
CHLD 2 117.003906 1570332472.5376
MEM 31.320312 1570332472.6377
CHLD 0 31.335938 1570332472.6397
CHLD 1 102.519531 1570332472.6397
CHLD 2 117.003906 1570332472.6397
MEM 31.320312 1570332472.7404
CHLD 0 31.335938 1570332472.7424
CHLD 1 103.660156 1570332472.7424
CHLD 2 117.003906 1570332472.7424
MEM 31.320312 1570332472.8431
CHLD 0 31.335938 1570332472.8451
CHLD 1 104.742188 1570332472.8451
CHLD 2 117.003906 1570332472.8451
MEM 31.320312 1570332472.9455
CHLD 0 31.335938 1570332472.9480
CHLD 1 105.910156 1570332472.9480
CHLD 2 117.003906 1570332472.9480
MEM 31.320312 1570332473.0484
CHLD 0 31.335938 1570332473.0504
CHLD 1 106.972656 1570332473.0504
CHLD 2 117.003906 1570332473.0504
MEM 31.320312 1570332473.1511
CHLD 0 31.335938 1570332473.1531
CHLD 1 107.996094 1570332473.1531
CHLD 2 117.003906 1570332473.1531
MEM 31.320312 1570332473.2539
CHLD 0 31.335938 1570332473.2559
CHLD 1 109.097656 1570332473.2559
CHLD 2 117.003906 1570332473.2559
MEM 31.320312 1570332473.3566
CHLD 0 31.335938 1570332473.3586
CHLD 1 110.222656 1570332473.3586
CHLD 2 117.003906 1570332473.3586
MEM 31.320312 1570332473.4587
CHLD 0 31.335938 1570332473.4607
CHLD 1 111.277344 1570332473.4607
CHLD 2 117.003906 1570332473.4607
MEM 31.320312 1570332473.5614
CHLD 0 31.335938 1570332473.5644
CHLD 1 112.410156 1570332473.5644
CHLD 2 117.003906 1570332473.5644
MEM 31.320312 1570332473.6647
CHLD 0 31.335938 1570332473.6667
CHLD 1 113.492188 1570332473.6667
CHLD 2 117.003906 1570332473.6667
MEM 31.320312 1570332473.7814
CHLD 0 31.335938 1570332473.7844
CHLD 1 114.769531 1570332473.7844
CHLD 2 117.003906 1570332473.7844
MEM 31.320312 1570332473.8849
CHLD 0 31.335938 1570332473.8869
CHLD 1 115.910156 1570332473.8869
CHLD 2 117.003906 1570332473.8869
MEM 31.320312 1570332473.9876
CHLD 0 31.335938 1570332473.9896
CHLD 1 116.988281 1570332473.9896
CHLD 2 117.003906 1570332473.9896
MEM 31.320312 1570332474.0904
CHLD 0 31.335938 1570332474.0924
CHLD 1 118.035156 1570332474.0924
CHLD 2 117.003906 1570332474.0924
MEM 31.320312 1570332474.1931
CHLD 0 31.335938 1570332474.1951
CHLD 1 118.746094 1570332474.1951
CHLD 2 117.003906 1570332474.1951
MEM 31.320312 1570332474.2957
CHLD 0 31.335938 1570332474.2977
CHLD 1 119.847656 1570332474.2977
CHLD 2 117.003906 1570332474.2977
MEM 31.320312 1570332474.3980
CHLD 0 31.335938 1570332474.4000
CHLD 1 120.972656 1570332474.4000
CHLD 2 117.003906 1570332474.4000
MEM 31.320312 1570332474.5009
CHLD 0 31.335938 1570332474.5029
CHLD 1 122.027344 1570332474.5029
CHLD 2 117.003906 1570332474.5029
MEM 31.320312 1570332474.6030
CHLD 0 31.335938 1570332474.6060
CHLD 1 123.160156 1570332474.6060
CHLD 2 117.003906 1570332474.6060
MEM 31.320312 1570332474.7069
CHLD 0 31.335938 1570332474.7089
CHLD 1 124.246094 1570332474.7089
CHLD 2 117.003906 1570332474.7089
MEM 31.320312 1570332474.8098
CHLD 0 31.335938 1570332474.8118
CHLD 1 125.410156 1570332474.8118
CHLD 2 117.003906 1570332474.8118
MEM 31.320312 1570332474.9126
CHLD 0 31.335938 1570332474.9146
CHLD 1 126.472656 1570332474.9146
CHLD 2 117.003906 1570332474.9146
MEM 31.320312 1570332475.0149
CHLD 0 31.335938 1570332475.0168
CHLD 1 127.523438 1570332475.0168
CHLD 2 117.003906 1570332475.0178
MEM 31.320312 1570332475.1186
CHLD 0 31.335938 1570332475.1206
CHLD 1 128.660156 1570332475.1206
CHLD 2 117.003906 1570332475.1206
MEM 31.320312 1570332475.2213
CHLD 0 31.335938 1570332475.2233
CHLD 1 129.976562 1570332475.2233
CHLD 2 117.003906 1570332475.2233
MEM 31.320312 1570332475.3236
CHLD 0 31.335938 1570332475.3256
CHLD 1 131.027344 1570332475.3256
CHLD 2 117.003906 1570332475.3256
MEM 31.320312 1570332475.4259
CHLD 0 31.335938 1570332475.4279
CHLD 1 132.164062 1570332475.4279
CHLD 2 117.003906 1570332475.4279
MEM 31.320312 1570332475.5286
CHLD 0 31.335938 1570332475.5306
CHLD 1 133.226562 1570332475.5306
CHLD 2 117.003906 1570332475.5306
MEM 31.320312 1570332475.6313
CHLD 0 31.335938 1570332475.6333
CHLD 1 134.351562 1570332475.6333
CHLD 2 117.003906 1570332475.6333
MEM 31.320312 1570332475.7341
CHLD 0 31.335938 1570332475.7360
CHLD 1 135.414062 1570332475.7360
CHLD 2 117.003906 1570332475.7360
MEM 31.320312 1570332475.8368
CHLD 0 31.335938 1570332475.8388
CHLD 1 136.507812 1570332475.8388
CHLD 2 117.003906 1570332475.8388
MEM 31.320312 1570332475.9396
CHLD 0 31.335938 1570332475.9416
CHLD 1 137.613281 1570332475.9416
CHLD 2 117.003906 1570332475.9416
MEM 31.320312 1570332476.0418
CHLD 0 31.335938 1570332476.0438
CHLD 1 138.726562 1570332476.0438
CHLD 2 117.003906 1570332476.0438
MEM 31.320312 1570332476.1446
CHLD 0 31.335938 1570332476.1466
CHLD 1 139.777344 1570332476.1466
CHLD 2 117.003906 1570332476.1466
MEM 31.320312 1570332476.2472
CHLD 0 31.335938 1570332476.2492
CHLD 1 140.851562 1570332476.2492
CHLD 2 117.003906 1570332476.2492
MEM 31.320312 1570332476.3500
CHLD 0 31.335938 1570332476.3520
CHLD 1 141.976562 1570332476.3520
CHLD 2 117.003906 1570332476.3520
MEM 31.320312 1570332476.4528
CHLD 0 31.335938 1570332476.4548
CHLD 1 143.101562 1570332476.4548
CHLD 2 117.003906 1570332476.4548
MEM 31.320312 1570332476.5549
CHLD 0 31.335938 1570332476.5569
CHLD 1 144.164062 1570332476.5569
CHLD 2 117.003906 1570332476.5569
MEM 31.320312 1570332476.6579
CHLD 0 31.335938 1570332476.6599
CHLD 1 145.250000 1570332476.6599
CHLD 2 117.003906 1570332476.6599
MEM 31.320312 1570332476.7606
CHLD 0 31.335938 1570332476.7626
CHLD 1 146.351562 1570332476.7626
CHLD 2 117.003906 1570332476.7626
MEM 31.320312 1570332476.8630
CHLD 0 31.335938 1570332476.8650
CHLD 1 147.476562 1570332476.8650
CHLD 2 117.003906 1570332476.8650
MEM 31.320312 1570332476.9657
CHLD 0 31.335938 1570332476.9677
CHLD 1 148.515625 1570332476.9677
CHLD 2 117.003906 1570332476.9677
MEM 31.320312 1570332477.0680
CHLD 0 31.335938 1570332477.0700
CHLD 1 149.855469 1570332477.0700
CHLD 2 117.003906 1570332477.0700
MEM 31.320312 1570332477.1707
CHLD 0 31.335938 1570332477.1727
CHLD 1 150.882812 1570332477.1727
CHLD 2 117.003906 1570332477.1727
MEM 31.320312 1570332477.2734
CHLD 0 31.335938 1570332477.2754
CHLD 1 151.988281 1570332477.2754
CHLD 2 117.003906 1570332477.2754
MEM 31.320312 1570332477.3763
CHLD 0 31.335938 1570332477.3783
CHLD 1 153.105469 1570332477.3783
CHLD 2 117.003906 1570332477.3783
MEM 31.320312 1570332477.4791
CHLD 0 31.335938 1570332477.4811
CHLD 1 154.230469 1570332477.4811
CHLD 2 117.003906 1570332477.4811
MEM 31.320312 1570332477.5812
CHLD 0 31.335938 1570332477.5832
CHLD 1 155.355469 1570332477.5832
CHLD 2 117.003906 1570332477.5832
MEM 31.320312 1570332477.6839
CHLD 0 31.335938 1570332477.6859
CHLD 1 156.417969 1570332477.6859
CHLD 2 117.003906 1570332477.6859
MEM 31.320312 1570332477.7869
CHLD 0 31.335938 1570332477.7888
CHLD 1 157.488281 1570332477.7888
CHLD 2 117.003906 1570332477.7888
MEM 31.320312 1570332477.8889
CHLD 0 31.335938 1570332477.8909
CHLD 1 158.605469 1570332477.8909
CHLD 2 117.003906 1570332477.8909
MEM 31.320312 1570332477.9910
CHLD 0 31.335938 1570332477.9936
CHLD 1 159.664062 1570332477.9936
CHLD 2 117.003906 1570332477.9936
MEM 31.320312 1570332478.0943
CHLD 0 31.335938 1570332478.0963
CHLD 1 160.730469 1570332478.0963
CHLD 2 117.003906 1570332478.0963
MEM 31.320312 1570332478.1970
CHLD 0 31.335938 1570332478.1990
CHLD 1 161.789062 1570332478.1990
CHLD 2 117.003906 1570332478.1990
MEM 31.320312 1570332478.2997
CHLD 0 31.335938 1570332478.3017
CHLD 1 162.917969 1570332478.3017
CHLD 2 117.003906 1570332478.3017
MEM 31.320312 1570332478.4025
CHLD 0 31.335938 1570332478.4055
CHLD 1 164.000000 1570332478.4055
CHLD 2 117.003906 1570332478.4055
MEM 31.320312 1570332478.5062
CHLD 0 31.335938 1570332478.5082
CHLD 1 165.156250 1570332478.5082
CHLD 2 117.003906 1570332478.5082
MEM 31.320312 1570332478.6085
CHLD 0 31.335938 1570332478.6105
CHLD 1 166.265625 1570332478.6105
CHLD 2 117.003906 1570332478.6105
MEM 31.320312 1570332478.7112
CHLD 0 31.335938 1570332478.7132
CHLD 1 167.390625 1570332478.7132
CHLD 2 117.003906 1570332478.7132
MEM 31.320312 1570332478.8142
CHLD 0 31.335938 1570332478.8162
CHLD 1 168.515625 1570332478.8162
CHLD 2 117.003906 1570332478.8162
MEM 31.320312 1570332478.9169
CHLD 0 31.335938 1570332478.9189
CHLD 1 169.574219 1570332478.9189
CHLD 2 117.003906 1570332478.9189
MEM 31.320312 1570332479.0192
CHLD 0 31.335938 1570332479.0212
CHLD 1 170.640625 1570332479.0212
CHLD 2 117.003906 1570332479.0212
MEM 31.320312 1570332479.1219
CHLD 0 31.335938 1570332479.1239
CHLD 1 171.703125 1570332479.1239
CHLD 2 117.003906 1570332479.1239
MEM 31.320312 1570332479.2248
CHLD 0 31.335938 1570332479.2268
CHLD 1 172.765625 1570332479.2268
CHLD 2 117.003906 1570332479.2268
MEM 31.320312 1570332479.3275
CHLD 0 31.335938 1570332479.3295
CHLD 1 173.890625 1570332479.3295
CHLD 2 117.003906 1570332479.3295
MEM 31.320312 1570332479.4303
CHLD 0 31.335938 1570332479.4323
CHLD 1 175.015625 1570332479.4323
CHLD 2 117.003906 1570332479.4323
MEM 31.320312 1570332479.5330
CHLD 0 31.335938 1570332479.5350
CHLD 1 176.140625 1570332479.5350
CHLD 2 117.003906 1570332479.5350
MEM 31.320312 1570332479.6357
CHLD 0 31.335938 1570332479.6377
CHLD 1 177.265625 1570332479.6377
CHLD 2 117.003906 1570332479.6377
MEM 31.320312 1570332479.7385
CHLD 0 31.335938 1570332479.7405
CHLD 1 178.324219 1570332479.7405
CHLD 2 117.003906 1570332479.7405
MEM 31.320312 1570332479.8412
CHLD 0 31.335938 1570332479.8432
CHLD 1 178.890625 1570332479.8432
CHLD 2 117.003906 1570332479.8432
MEM 31.320312 1570332479.9440
CHLD 0 31.335938 1570332479.9460
CHLD 1 179.937500 1570332479.9460
CHLD 2 117.003906 1570332479.9460
MEM 31.320312 1570332480.0467
CHLD 0 31.335938 1570332480.0487
CHLD 1 181.023438 1570332480.0487
CHLD 2 117.003906 1570332480.0487
MEM 31.320312 1570332480.1495
CHLD 0 31.335938 1570332480.1515
CHLD 1 182.140625 1570332480.1515
CHLD 2 117.003906 1570332480.1515
MEM 31.320312 1570332480.2522
CHLD 0 31.335938 1570332480.2542
CHLD 1 183.203125 1570332480.2542
CHLD 2 117.003906 1570332480.2542
MEM 31.320312 1570332480.3550
CHLD 0 31.335938 1570332480.3570
CHLD 1 184.316406 1570332480.3570
CHLD 2 117.003906 1570332480.3570
MEM 31.320312 1570332480.4578
CHLD 0 31.335938 1570332480.4598
CHLD 1 185.453125 1570332480.4598
CHLD 2 117.003906 1570332480.4598
MEM 31.320312 1570332480.5606
CHLD 0 31.335938 1570332480.5626
CHLD 1 186.539062 1570332480.5626
CHLD 2 117.003906 1570332480.5626
MEM 31.320312 1570332480.6630
CHLD 0 31.335938 1570332480.6650
CHLD 1 187.640625 1570332480.6650
CHLD 2 117.039062 1570332480.6650
MEM 31.320312 1570332480.7657
CHLD 0 31.335938 1570332480.7677
CHLD 1 188.765625 1570332480.7677
CHLD 2 117.039062 1570332480.7677
MEM 31.320312 1570332480.8679
CHLD 0 31.335938 1570332480.8699
CHLD 1 189.828125 1570332480.8699
CHLD 2 117.039062 1570332480.8699
MEM 31.320312 1570332480.9704
CHLD 0 31.335938 1570332480.9724
CHLD 1 190.953125 1570332480.9724
CHLD 2 117.074219 1570332480.9724
MEM 31.320312 1570332481.0732
CHLD 0 31.335938 1570332481.0752
CHLD 1 192.015625 1570332481.0752
CHLD 2 117.074219 1570332481.0752
MEM 31.320312 1570332481.1754
CHLD 0 31.335938 1570332481.1784
CHLD 1 193.035156 1570332481.1784
CHLD 2 117.074219 1570332481.1784
MEM 31.320312 1570332481.2791
CHLD 0 31.335938 1570332481.2811
CHLD 1 194.140625 1570332481.2811
CHLD 2 117.074219 1570332481.2811
MEM 31.320312 1570332481.3814
CHLD 0 31.335938 1570332481.3834
CHLD 1 195.265625 1570332481.3834
CHLD 2 117.074219 1570332481.3834
MEM 31.320312 1570332481.4843
CHLD 0 31.335938 1570332481.4863
CHLD 1 196.390625 1570332481.4863
CHLD 2 117.074219 1570332481.4863
MEM 31.320312 1570332481.5870
CHLD 0 31.335938 1570332481.5890
CHLD 1 197.453125 1570332481.5890
CHLD 2 117.109375 1570332481.5890
MEM 31.320312 1570332481.6895
CHLD 0 31.335938 1570332481.6914
CHLD 1 198.554688 1570332481.6914
CHLD 2 117.109375 1570332481.6914
MEM 31.320312 1570332481.7920
CHLD 0 31.335938 1570332481.7940
CHLD 1 199.640625 1570332481.7940
CHLD 2 117.109375 1570332481.7940
MEM 31.320312 1570332481.8949
CHLD 0 31.335938 1570332481.8969
CHLD 1 200.765625 1570332481.8969
CHLD 2 117.109375 1570332481.8969
MEM 31.320312 1570332481.9974
CHLD 0 31.335938 1570332482.0004
CHLD 1 201.890625 1570332482.0004
CHLD 2 117.109375 1570332482.0004
MEM 31.320312 1570332482.1011
CHLD 0 31.335938 1570332482.1031
CHLD 1 202.953125 1570332482.1031
CHLD 2 117.109375 1570332482.1031
MEM 31.320312 1570332482.2036
CHLD 0 31.335938 1570332482.2061
CHLD 1 204.031250 1570332482.2061
CHLD 2 117.109375 1570332482.2061
MEM 31.320312 1570332482.3062
CHLD 0 31.335938 1570332482.3082
CHLD 1 205.140625 1570332482.3082
CHLD 2 117.171875 1570332482.3082
MEM 31.320312 1570332482.4092
CHLD 0 31.335938 1570332482.4112
CHLD 1 206.265625 1570332482.4112
CHLD 2 117.171875 1570332482.4112
MEM 31.320312 1570332482.5121
CHLD 0 31.335938 1570332482.5141
CHLD 1 207.390625 1570332482.5141
CHLD 2 117.203125 1570332482.5141
MEM 31.320312 1570332482.6149
CHLD 0 31.335938 1570332482.6168
CHLD 1 208.515625 1570332482.6168
CHLD 2 117.390625 1570332482.6168
MEM 31.320312 1570332482.7178
CHLD 0 31.335938 1570332482.7198
CHLD 1 209.640625 1570332482.7198
CHLD 2 117.578125 1570332482.7198
MEM 31.359375 1570332482.8203
CHLD 0 31.335938 1570332482.8232
CHLD 1 210.765625 1570332482.8232
CHLD 2 117.703125 1570332482.8232
MEM 31.359375 1570332482.9240
CHLD 0 31.335938 1570332482.9259
CHLD 1 211.890625 1570332482.9259
CHLD 2 117.921875 1570332482.9259
MEM 31.359375 1570332483.0264
CHLD 0 31.375000 1570332483.0284
CHLD 1 212.929688 1570332483.0284
CHLD 2 118.144531 1570332483.0284
MEM 31.359375 1570332483.1291
CHLD 0 31.375000 1570332483.1311
CHLD 1 214.050781 1570332483.1311
CHLD 2 118.261719 1570332483.1311
MEM 31.359375 1570332483.2315
CHLD 0 31.375000 1570332483.2335
CHLD 1 215.101562 1570332483.2335
CHLD 2 118.457031 1570332483.2335
MEM 31.359375 1570332483.3342
CHLD 0 31.375000 1570332483.3362
CHLD 1 216.238281 1570332483.3362
CHLD 2 118.578125 1570332483.3362
MEM 31.359375 1570332483.4370
CHLD 0 31.375000 1570332483.4390
CHLD 1 217.300781 1570332483.4390
CHLD 2 118.800781 1570332483.4390
MEM 31.359375 1570332483.5393
CHLD 0 31.375000 1570332483.5413
CHLD 1 218.496094 1570332483.5413
CHLD 2 44.128906 1570332483.5413
MEM 31.359375 1570332483.6428
CHLD 0 31.375000 1570332483.6447
CHLD 1 219.621094 1570332483.6447
CHLD 2 67.144531 1570332483.6447
MEM 31.359375 1570332483.7455
CHLD 0 31.375000 1570332483.7474
CHLD 1 220.679688 1570332483.7474
CHLD 2 88.089844 1570332483.7474
MEM 31.359375 1570332483.8482
CHLD 0 31.375000 1570332483.8502
CHLD 1 221.808594 1570332483.8502
CHLD 2 90.734375 1570332483.8502
MEM 31.359375 1570332483.9509
CHLD 0 31.375000 1570332483.9529
CHLD 1 222.882812 1570332483.9529
CHLD 2 91.882812 1570332483.9529
MEM 31.359375 1570332484.0529
CHLD 0 31.375000 1570332484.0549
CHLD 1 223.898438 1570332484.0549
CHLD 2 92.945312 1570332484.0549
MEM 31.359375 1570332484.1557
CHLD 0 31.375000 1570332484.1587
CHLD 1 224.996094 1570332484.1587
CHLD 2 94.003906 1570332484.1587
MEM 31.359375 1570332484.2596
CHLD 0 31.375000 1570332484.2616
CHLD 1 226.121094 1570332484.2616
CHLD 2 95.132812 1570332484.2616
MEM 31.359375 1570332484.3619
CHLD 0 31.375000 1570332484.3639
CHLD 1 227.148438 1570332484.3639
CHLD 2 96.195312 1570332484.3639
MEM 31.359375 1570332484.4649
CHLD 0 31.375000 1570332484.4669
CHLD 1 228.246094 1570332484.4669
CHLD 2 97.320312 1570332484.4669
MEM 31.359375 1570332484.5678
CHLD 0 31.375000 1570332484.5698
CHLD 1 229.371094 1570332484.5698
CHLD 2 98.445312 1570332484.5698
MEM 31.359375 1570332484.6701
CHLD 0 31.375000 1570332484.6721
CHLD 1 230.496094 1570332484.6721
CHLD 2 99.566406 1570332484.6721
MEM 31.359375 1570332484.7729
CHLD 0 31.375000 1570332484.7748
CHLD 1 231.621094 1570332484.7748
CHLD 2 100.378906 1570332484.7748
MEM 31.359375 1570332484.8754
CHLD 0 31.375000 1570332484.8774
CHLD 1 232.656250 1570332484.8774
CHLD 2 101.523438 1570332484.8774
MEM 31.359375 1570332484.9781
CHLD 0 31.375000 1570332484.9801
CHLD 1 233.808594 1570332484.9801
CHLD 2 102.691406 1570332484.9801
MEM 31.359375 1570332485.0809
CHLD 0 31.375000 1570332485.0829
CHLD 1 234.871094 1570332485.0829
CHLD 2 103.753906 1570332485.0829
MEM 31.359375 1570332485.1830
CHLD 0 31.375000 1570332485.1850
CHLD 1 235.921875 1570332485.1850
CHLD 2 104.878906 1570332485.1850
MEM 31.359375 1570332485.2850
CHLD 0 31.375000 1570332485.2870
CHLD 1 237.031250 1570332485.2870
CHLD 2 106.003906 1570332485.2870
MEM 31.359375 1570332485.3878
CHLD 0 31.375000 1570332485.3898
CHLD 1 238.144531 1570332485.3898
CHLD 2 107.191406 1570332485.3898
MEM 31.359375 1570332485.4908
CHLD 0 31.375000 1570332485.4927
CHLD 1 239.308594 1570332485.4927
CHLD 2 108.285156 1570332485.4927
MEM 31.359375 1570332485.5931
CHLD 0 31.375000 1570332485.5951
CHLD 1 240.371094 1570332485.5951
CHLD 2 109.441406 1570332485.5951
MEM 31.359375 1570332485.6959
CHLD 0 31.375000 1570332485.6979
CHLD 1 241.496094 1570332485.6979
CHLD 2 110.578125 1570332485.6979
MEM 31.359375 1570332485.7979
CHLD 0 31.375000 1570332485.7999
CHLD 1 242.621094 1570332485.7999
CHLD 2 111.687500 1570332485.7999
MEM 31.359375 1570332485.9009
CHLD 0 31.375000 1570332485.9029
CHLD 1 243.746094 1570332485.9029
CHLD 2 112.812500 1570332485.9029
MEM 31.359375 1570332486.0030
CHLD 0 31.375000 1570332486.0060
CHLD 1 244.808594 1570332486.0060
CHLD 2 113.937500 1570332486.0060
MEM 31.359375 1570332486.1069
CHLD 0 31.375000 1570332486.1088
CHLD 1 245.906250 1570332486.1088
CHLD 2 115.062500 1570332486.1088
MEM 31.359375 1570332486.2097
CHLD 0 31.375000 1570332486.2117
CHLD 1 246.996094 1570332486.2117
CHLD 2 116.125000 1570332486.2117
MEM 31.359375 1570332486.3126
CHLD 0 31.375000 1570332486.3146
CHLD 1 248.121094 1570332486.3146
CHLD 2 117.250000 1570332486.3146
MEM 31.359375 1570332486.4150
CHLD 0 31.375000 1570332486.4170
CHLD 1 249.246094 1570332486.4170
CHLD 2 118.355469 1570332486.4170
MEM 31.359375 1570332486.5179
CHLD 0 31.375000 1570332486.5199
CHLD 1 250.371094 1570332486.5199
CHLD 2 119.500000 1570332486.5199
MEM 31.359375 1570332486.6209
CHLD 0 31.375000 1570332486.6228
CHLD 1 251.429688 1570332486.6228
CHLD 2 120.625000 1570332486.6228
MEM 31.359375 1570332486.7229
CHLD 0 31.375000 1570332486.7249
CHLD 1 252.558594 1570332486.7249
CHLD 2 121.765625 1570332486.7249
MEM 31.359375 1570332486.8250
CHLD 0 31.375000 1570332486.8270
CHLD 1 253.621094 1570332486.8270
CHLD 2 122.937500 1570332486.8270
MEM 31.359375 1570332486.9274
CHLD 0 31.375000 1570332486.9293
CHLD 1 254.746094 1570332486.9293
CHLD 2 124.000000 1570332486.9293
MEM 31.359375 1570332487.0303
CHLD 0 31.375000 1570332487.0323
CHLD 1 255.171875 1570332487.0323
CHLD 2 125.074219 1570332487.0323
MEM 31.359375 1570332487.1330
CHLD 0 31.375000 1570332487.1350
CHLD 1 256.058594 1570332487.1350
CHLD 2 126.250000 1570332487.1350
MEM 31.359375 1570332487.2357
CHLD 0 31.375000 1570332487.2377
CHLD 1 257.121094 1570332487.2377
CHLD 2 127.281250 1570332487.2377
MEM 31.359375 1570332487.3380
CHLD 0 31.375000 1570332487.3400
CHLD 1 258.246094 1570332487.3400
CHLD 2 128.437500 1570332487.3400
MEM 31.359375 1570332487.4409
CHLD 0 31.375000 1570332487.4429
CHLD 1 259.371094 1570332487.4429
CHLD 2 129.562500 1570332487.4429
MEM 31.359375 1570332487.5436
CHLD 0 31.375000 1570332487.5456
CHLD 1 260.496094 1570332487.5456
CHLD 2 130.687500 1570332487.5456
MEM 31.359375 1570332487.6464
CHLD 0 31.375000 1570332487.6484
CHLD 1 261.558594 1570332487.6484
CHLD 2 131.812500 1570332487.6484
MEM 31.359375 1570332487.7485
CHLD 0 31.375000 1570332487.7504
CHLD 1 262.667969 1570332487.7504
CHLD 2 132.937500 1570332487.7504
MEM 31.359375 1570332487.8512
CHLD 0 31.375000 1570332487.8532
CHLD 1 263.808594 1570332487.8532
CHLD 2 134.000000 1570332487.8532
MEM 31.359375 1570332487.9539
CHLD 0 31.375000 1570332487.9559
CHLD 1 264.871094 1570332487.9559
CHLD 2 135.117188 1570332487.9559
MEM 31.359375 1570332488.0562
CHLD 0 31.375000 1570332488.0592
CHLD 1 265.996094 1570332488.0592
CHLD 2 136.250000 1570332488.0592
MEM 31.359375 1570332488.1598
CHLD 0 31.375000 1570332488.1618
CHLD 1 267.039062 1570332488.1618
CHLD 2 137.292969 1570332488.1618
MEM 31.359375 1570332488.2621
CHLD 0 31.375000 1570332488.2641
CHLD 1 268.152344 1570332488.2641
CHLD 2 138.437500 1570332488.2641
MEM 31.359375 1570332488.3641
CHLD 0 31.375000 1570332488.3661
CHLD 1 269.386719 1570332488.3661
CHLD 2 139.562500 1570332488.3661
MEM 31.359375 1570332488.4670
CHLD 0 31.375000 1570332488.4689
CHLD 1 270.511719 1570332488.4689
CHLD 2 140.687500 1570332488.4689
MEM 31.359375 1570332488.5697
CHLD 0 31.375000 1570332488.5722
CHLD 1 271.542969 1570332488.5722
CHLD 2 141.812500 1570332488.5722
MEM 31.359375 1570332488.6730
CHLD 0 31.375000 1570332488.6750
CHLD 1 272.636719 1570332488.6750
CHLD 2 142.937500 1570332488.6750
MEM 31.359375 1570332488.7758
CHLD 0 31.375000 1570332488.7778
CHLD 1 273.761719 1570332488.7778
CHLD 2 144.066406 1570332488.7778
MEM 31.359375 1570332488.8783
CHLD 0 31.375000 1570332488.8802
CHLD 1 274.886719 1570332488.8802
CHLD 2 145.250000 1570332488.8802
MEM 31.359375 1570332488.9810
CHLD 0 31.375000 1570332488.9830
CHLD 1 275.949219 1570332488.9830
CHLD 2 146.324219 1570332488.9830
MEM 31.359375 1570332489.0834
CHLD 0 31.375000 1570332489.0854
CHLD 1 277.011719 1570332489.0854
CHLD 2 147.437500 1570332489.0854
MEM 31.359375 1570332489.1861
CHLD 0 31.375000 1570332489.1881
CHLD 1 278.136719 1570332489.1881
CHLD 2 148.562500 1570332489.1881
MEM 31.359375 1570332489.2888
CHLD 0 31.375000 1570332489.2908
CHLD 1 279.191406 1570332489.2908
CHLD 2 149.687500 1570332489.2908
MEM 31.359375 1570332489.3916
CHLD 0 31.375000 1570332489.3936
CHLD 1 280.308594 1570332489.3936
CHLD 2 150.812500 1570332489.3936
MEM 31.359375 1570332489.4946
CHLD 0 31.375000 1570332489.4965
CHLD 1 281.542969 1570332489.4965
CHLD 2 151.500000 1570332489.4965
MEM 31.359375 1570332489.5966
CHLD 0 31.375000 1570332489.5986
CHLD 1 282.617188 1570332489.5986
CHLD 2 152.605469 1570332489.5986
MEM 31.359375 1570332489.6989
CHLD 0 31.375000 1570332489.7019
CHLD 1 283.730469 1570332489.7019
CHLD 2 153.792969 1570332489.7019
MEM 31.359375 1570332489.8019
CHLD 0 31.375000 1570332489.8039
CHLD 1 284.792969 1570332489.8039
CHLD 2 154.890625 1570332489.8039
MEM 31.359375 1570332489.9047
CHLD 0 31.375000 1570332489.9068
CHLD 1 285.882812 1570332489.9068
CHLD 2 156.042969 1570332489.9068
MEM 31.359375 1570332490.0070
CHLD 0 31.375000 1570332490.0100
CHLD 1 286.980469 1570332490.0100
CHLD 2 157.175781 1570332490.0110
MEM 31.359375 1570332490.1118
CHLD 0 31.375000 1570332490.1138
CHLD 1 288.105469 1570332490.1138
CHLD 2 158.328125 1570332490.1138
MEM 31.359375 1570332490.2146
CHLD 0 31.375000 1570332490.2166
CHLD 1 289.148438 1570332490.2166
CHLD 2 159.386719 1570332490.2166
MEM 31.359375 1570332490.3169
CHLD 0 31.375000 1570332490.3189
CHLD 1 290.230469 1570332490.3189
CHLD 2 160.515625 1570332490.3189
MEM 31.359375 1570332490.4191
CHLD 0 31.375000 1570332490.4211
CHLD 1 291.355469 1570332490.4211
CHLD 2 161.640625 1570332490.4211
MEM 31.359375 1570332490.5218
CHLD 0 31.375000 1570332490.5239
CHLD 1 292.390625 1570332490.5239
CHLD 2 162.765625 1570332490.5239
MEM 31.359375 1570332490.6246
CHLD 0 31.375000 1570332490.6266
CHLD 1 293.542969 1570332490.6266
CHLD 2 163.953125 1570332490.6266
MEM 31.359375 1570332490.7273
CHLD 0 31.375000 1570332490.7293
CHLD 1 294.605469 1570332490.7293
CHLD 2 165.007812 1570332490.7293
MEM 31.359375 1570332490.8300
CHLD 0 31.375000 1570332490.8320
CHLD 1 295.730469 1570332490.8320
CHLD 2 166.140625 1570332490.8320
MEM 31.359375 1570332490.9328
CHLD 0 31.375000 1570332490.9347
CHLD 1 296.792969 1570332490.9347
CHLD 2 167.203125 1570332490.9347
MEM 31.359375 1570332491.0351
CHLD 0 31.375000 1570332491.0371
CHLD 1 297.855469 1570332491.0371
CHLD 2 168.328125 1570332491.0371
MEM 31.359375 1570332491.1378
CHLD 0 31.375000 1570332491.1398
CHLD 1 298.980469 1570332491.1398
CHLD 2 169.398438 1570332491.1398
MEM 31.359375 1570332491.2406
CHLD 0 31.375000 1570332491.2426
CHLD 1 300.042969 1570332491.2426
CHLD 2 170.492188 1570332491.2426
MEM 31.359375 1570332491.3433
CHLD 0 31.375000 1570332491.3463
CHLD 1 301.042969 1570332491.3463
CHLD 2 171.578125 1570332491.3463
MEM 31.359375 1570332491.4467
CHLD 0 31.375000 1570332491.4487
CHLD 1 302.113281 1570332491.4487
CHLD 2 172.703125 1570332491.4487
MEM 31.359375 1570332491.5494
CHLD 0 31.375000 1570332491.5514
CHLD 1 303.230469 1570332491.5514
CHLD 2 173.765625 1570332491.5514
MEM 31.359375 1570332491.6521
CHLD 0 31.375000 1570332491.6541
CHLD 1 304.292969 1570332491.6541
CHLD 2 174.890625 1570332491.6541
MEM 31.359375 1570332491.7549
CHLD 0 31.375000 1570332491.7568
CHLD 1 305.359375 1570332491.7568
CHLD 2 175.984375 1570332491.7568
MEM 31.359375 1570332491.8571
CHLD 0 31.375000 1570332491.8591
CHLD 1 306.480469 1570332491.8591
CHLD 2 177.140625 1570332491.8591
MEM 31.359375 1570332491.9594
CHLD 0 31.375000 1570332491.9614
CHLD 1 307.542969 1570332491.9614
CHLD 2 178.203125 1570332491.9614
MEM 31.359375 1570332492.0619
CHLD 0 31.375000 1570332492.0639
CHLD 1 308.542969 1570332492.0639
CHLD 2 179.218750 1570332492.0639
MEM 31.359375 1570332492.1646
CHLD 0 31.375000 1570332492.1666
CHLD 1 309.613281 1570332492.1666
CHLD 2 180.328125 1570332492.1666
MEM 31.359375 1570332492.2673
CHLD 0 31.375000 1570332492.2693
CHLD 1 310.730469 1570332492.2693
CHLD 2 181.390625 1570332492.2693
MEM 31.359375 1570332492.3700
CHLD 0 31.375000 1570332492.3720
CHLD 1 311.792969 1570332492.3720
CHLD 2 182.496094 1570332492.3720
MEM 31.359375 1570332492.4727
CHLD 0 31.375000 1570332492.4747
CHLD 1 312.855469 1570332492.4747
CHLD 2 183.640625 1570332492.4747
MEM 31.359375 1570332492.5755
CHLD 0 31.375000 1570332492.5775
CHLD 1 313.980469 1570332492.5775
CHLD 2 184.742188 1570332492.5775
MEM 31.359375 1570332492.6782
CHLD 0 31.375000 1570332492.6802
CHLD 1 315.042969 1570332492.6802
CHLD 2 185.890625 1570332492.6802
MEM 31.359375 1570332492.7809
CHLD 0 31.375000 1570332492.7829
CHLD 1 316.152344 1570332492.7829
CHLD 2 187.003906 1570332492.7829
MEM 31.359375 1570332492.8831
CHLD 0 31.375000 1570332492.8851
CHLD 1 317.253906 1570332492.8851
CHLD 2 188.140625 1570332492.8851
MEM 31.359375 1570332492.9859
CHLD 0 31.375000 1570332492.9879
CHLD 1 318.355469 1570332492.9879
CHLD 2 189.238281 1570332492.9879
MEM 31.359375 1570332493.0886
CHLD 0 31.375000 1570332493.0906
CHLD 1 319.410156 1570332493.0906
CHLD 2 190.390625 1570332493.0906
MEM 31.359375 1570332493.1913
CHLD 0 31.375000 1570332493.1933
CHLD 1 320.480469 1570332493.1933
CHLD 2 191.449219 1570332493.1933
MEM 31.359375 1570332493.2941
CHLD 0 31.375000 1570332493.2960
CHLD 1 321.605469 1570332493.2960
CHLD 2 192.578125 1570332493.2960
MEM 31.359375 1570332493.3968
CHLD 0 31.375000 1570332493.3988
CHLD 1 322.648438 1570332493.3988
CHLD 2 193.703125 1570332493.3998
MEM 31.359375 1570332493.4998
CHLD 0 31.375000 1570332493.5018
CHLD 1 323.792969 1570332493.5018
CHLD 2 194.828125 1570332493.5018
MEM 31.359375 1570332493.6020
CHLD 0 31.375000 1570332493.6039
CHLD 1 324.855469 1570332493.6039
CHLD 2 195.890625 1570332493.6039
MEM 31.359375 1570332493.7047
CHLD 0 31.375000 1570332493.7067
CHLD 1 325.980469 1570332493.7067
CHLD 2 197.003906 1570332493.7067
MEM 31.359375 1570332493.8074
CHLD 0 31.375000 1570332493.8094
CHLD 1 327.042969 1570332493.8094
CHLD 2 198.203125 1570332493.8094
MEM 31.359375 1570332493.9102
CHLD 0 31.375000 1570332493.9121
CHLD 1 328.148438 1570332493.9121
CHLD 2 199.328125 1570332493.9121
MEM 31.359375 1570332494.0129
CHLD 0 31.375000 1570332494.0159
CHLD 1 329.250000 1570332494.0159
CHLD 2 200.453125 1570332494.0159
MEM 31.359375 1570332494.1166
CHLD 0 31.375000 1570332494.1186
CHLD 1 330.363281 1570332494.1186
CHLD 2 201.578125 1570332494.1186
MEM 31.359375 1570332494.2193
CHLD 0 31.375000 1570332494.2213
CHLD 1 331.480469 1570332494.2213
CHLD 2 202.640625 1570332494.2213
MEM 31.359375 1570332494.3220
CHLD 0 31.375000 1570332494.3240
CHLD 1 332.605469 1570332494.3240
CHLD 2 203.898438 1570332494.3240
MEM 31.359375 1570332494.4249
CHLD 0 31.375000 1570332494.4268
CHLD 1 333.664062 1570332494.4268
CHLD 2 205.023438 1570332494.4268
MEM 31.359375 1570332494.5276
CHLD 0 31.375000 1570332494.5296
CHLD 1 334.792969 1570332494.5296
CHLD 2 206.148438 1570332494.5296
MEM 31.359375 1570332494.6297
CHLD 0 31.375000 1570332494.6317
CHLD 1 335.886719 1570332494.6317
CHLD 2 207.273438 1570332494.6317
MEM 31.359375 1570332494.7344
CHLD 0 31.375000 1570332494.7374
CHLD 1 337.042969 1570332494.7374
CHLD 2 208.398438 1570332494.7374
MEM 31.359375 1570332494.8382
CHLD 0 31.375000 1570332494.8402
CHLD 1 338.117188 1570332494.8402
CHLD 2 209.539062 1570332494.8402
MEM 31.359375 1570332494.9410
CHLD 0 31.375000 1570332494.9429
CHLD 1 339.230469 1570332494.9429
CHLD 2 210.648438 1570332494.9429
MEM 31.359375 1570332495.0438
CHLD 0 31.375000 1570332495.0458
CHLD 1 340.292969 1570332495.0458
CHLD 2 211.773438 1570332495.0458
MEM 31.359375 1570332495.1466
CHLD 0 31.375000 1570332495.1486
CHLD 1 341.375000 1570332495.1486
CHLD 2 212.898438 1570332495.1486
MEM 31.359375 1570332495.2493
CHLD 0 31.375000 1570332495.2512
CHLD 1 342.480469 1570332495.2512
CHLD 2 213.960938 1570332495.2512
MEM 31.359375 1570332495.3520
CHLD 0 31.375000 1570332495.3540
CHLD 1 343.605469 1570332495.3540
CHLD 2 215.148438 1570332495.3540
MEM 31.359375 1570332495.4547
CHLD 0 31.375000 1570332495.4567
CHLD 1 344.660156 1570332495.4567
CHLD 2 216.273438 1570332495.4567
MEM 31.359375 1570332495.5574
CHLD 0 31.375000 1570332495.5594
CHLD 1 345.730469 1570332495.5594
CHLD 2 216.648438 1570332495.5594
MEM 31.359375 1570332495.6601
CHLD 0 31.375000 1570332495.6621
CHLD 1 346.855469 1570332495.6621
CHLD 2 217.773438 1570332495.6621
MEM 31.359375 1570332495.7629
CHLD 0 31.375000 1570332495.7649
CHLD 1 347.886719 1570332495.7649
CHLD 2 218.898438 1570332495.7649
MEM 31.359375 1570332495.8658
CHLD 0 31.375000 1570332495.8678
CHLD 1 348.980469 1570332495.8678
CHLD 2 220.023438 1570332495.8678
MEM 31.359375 1570332495.9685
CHLD 0 31.375000 1570332495.9705
CHLD 1 349.042969 1570332495.9705
CHLD 2 221.148438 1570332495.9705
MEM 31.359375 1570332496.0708
CHLD 0 31.375000 1570332496.0728
CHLD 1 349.980469 1570332496.0728
CHLD 2 222.273438 1570332496.0728
MEM 31.359375 1570332496.1736
CHLD 0 31.375000 1570332496.1766
CHLD 1 351.042969 1570332496.1766
CHLD 2 223.332031 1570332496.1766
MEM 31.359375 1570332496.2774
CHLD 0 31.375000 1570332496.2793
CHLD 1 352.105469 1570332496.2793
CHLD 2 224.460938 1570332496.2793
MEM 31.359375 1570332496.3801
CHLD 0 31.375000 1570332496.3821
CHLD 1 353.230469 1570332496.3821
CHLD 2 225.578125 1570332496.3821
MEM 31.359375 1570332496.4828
CHLD 0 31.375000 1570332496.4848
CHLD 1 354.355469 1570332496.4848
CHLD 2 226.773438 1570332496.4848
MEM 31.359375 1570332496.5851
CHLD 0 31.375000 1570332496.5871
CHLD 1 355.417969 1570332496.5871
CHLD 2 227.898438 1570332496.5871
MEM 31.359375 1570332496.6878
CHLD 0 31.375000 1570332496.6898
CHLD 1 356.542969 1570332496.6898
CHLD 2 229.023438 1570332496.6898
MEM 31.359375 1570332496.7904
CHLD 0 31.375000 1570332496.7924
CHLD 1 357.625000 1570332496.7924
CHLD 2 230.148438 1570332496.7924
MEM 31.359375 1570332496.8932
CHLD 0 31.375000 1570332496.8951
CHLD 1 358.730469 1570332496.8951
CHLD 2 231.273438 1570332496.8951
MEM 31.359375 1570332496.9961
CHLD 0 31.375000 1570332497.0008
CHLD 1 359.855469 1570332497.0008
CHLD 2 232.398438 1570332497.0008
MEM 31.359375 1570332497.1016
CHLD 0 31.375000 1570332497.1036
CHLD 1 360.890625 1570332497.1036
CHLD 2 233.492188 1570332497.1036
MEM 31.359375 1570332497.2038
CHLD 0 31.375000 1570332497.2058
CHLD 1 361.980469 1570332497.2058
CHLD 2 234.578125 1570332497.2058
MEM 31.359375 1570332497.3065
CHLD 0 31.375000 1570332497.3095
CHLD 1 363.042969 1570332497.3095
CHLD 2 235.710938 1570332497.3095
MEM 31.359375 1570332497.4105
CHLD 0 31.375000 1570332497.4124
CHLD 1 364.136719 1570332497.4124
CHLD 2 236.800781 1570332497.4124
MEM 31.359375 1570332497.5132
CHLD 0 31.375000 1570332497.5152
CHLD 1 365.253906 1570332497.5152
CHLD 2 237.960938 1570332497.5152
MEM 31.359375 1570332497.6160
CHLD 0 31.375000 1570332497.6180
CHLD 1 366.355469 1570332497.6180
CHLD 2 239.074219 1570332497.6180
MEM 31.359375 1570332497.7187
CHLD 0 31.375000 1570332497.7207
CHLD 1 367.480469 1570332497.7207
CHLD 2 240.273438 1570332497.7207
MEM 31.359375 1570332497.8214
CHLD 0 31.375000 1570332497.8233
CHLD 1 368.542969 1570332497.8233
CHLD 2 241.312500 1570332497.8233
MEM 31.359375 1570332497.9241
CHLD 0 31.375000 1570332497.9271
CHLD 1 369.605469 1570332497.9271
CHLD 2 242.460938 1570332497.9271
MEM 31.359375 1570332498.0278
CHLD 0 31.375000 1570332498.0298
CHLD 1 370.648438 1570332498.0298
CHLD 2 243.500000 1570332498.0298
MEM 31.359375 1570332498.1305
CHLD 0 31.375000 1570332498.1325
CHLD 1 371.792969 1570332498.1325
CHLD 2 244.648438 1570332498.1325
MEM 31.359375 1570332498.2335
CHLD 0 31.375000 1570332498.2355
CHLD 1 372.855469 1570332498.2355
CHLD 2 245.773438 1570332498.2355
MEM 31.359375 1570332498.3360
CHLD 0 31.375000 1570332498.3380
CHLD 1 373.980469 1570332498.3380
CHLD 2 246.898438 1570332498.3380
MEM 31.359375 1570332498.4384
CHLD 0 31.375000 1570332498.4404
CHLD 1 375.105469 1570332498.4404
CHLD 2 248.023438 1570332498.4404
MEM 31.359375 1570332498.5411
CHLD 0 31.375000 1570332498.5431
CHLD 1 376.230469 1570332498.5431
CHLD 2 249.148438 1570332498.5431
MEM 31.359375 1570332498.6439
CHLD 0 31.375000 1570332498.6459
CHLD 1 377.285156 1570332498.6459
CHLD 2 250.273438 1570332498.6459
MEM 31.359375 1570332498.7468
CHLD 0 31.375000 1570332498.7493
CHLD 1 378.386719 1570332498.7493
CHLD 2 251.398438 1570332498.7493
MEM 31.359375 1570332498.8499
CHLD 0 31.375000 1570332498.8519
CHLD 1 379.542969 1570332498.8519
CHLD 2 252.523438 1570332498.8519
MEM 31.359375 1570332498.9519
CHLD 0 31.375000 1570332498.9539
CHLD 1 380.605469 1570332498.9539
CHLD 2 253.648438 1570332498.9539
MEM 31.359375 1570332499.0543
CHLD 0 31.375000 1570332499.0563
CHLD 1 381.730469 1570332499.0563
CHLD 2 254.773438 1570332499.0563
MEM 31.359375 1570332499.1571
CHLD 0 31.375000 1570332499.1606
CHLD 1 382.792969 1570332499.1606
CHLD 2 255.832031 1570332499.1606
MEM 31.359375 1570332499.2614
CHLD 0 31.375000 1570332499.2633
CHLD 1 383.855469 1570332499.2633
CHLD 2 256.960938 1570332499.2633
MEM 31.359375 1570332499.3642
CHLD 0 31.375000 1570332499.3662
CHLD 1 385.234375 1570332499.3662
CHLD 2 258.179688 1570332499.3662
MEM 31.359375 1570332499.4666
CHLD 0 31.375000 1570332499.4686
CHLD 1 386.296875 1570332499.4686
CHLD 2 259.351562 1570332499.4686
MEM 31.359375 1570332499.5690
CHLD 0 31.375000 1570332499.5715
CHLD 1 387.402344 1570332499.5715
CHLD 2 260.414062 1570332499.5715
MEM 31.359375 1570332499.6720
CHLD 0 31.375000 1570332499.6740
CHLD 1 388.546875 1570332499.6740
CHLD 2 261.601562 1570332499.6740
MEM 31.359375 1570332499.7748
CHLD 0 31.375000 1570332499.7767
CHLD 1 389.628906 1570332499.7767
CHLD 2 262.695312 1570332499.7767
MEM 31.359375 1570332499.8770
CHLD 0 31.375000 1570332499.8790
CHLD 1 390.734375 1570332499.8790
CHLD 2 263.851562 1570332499.8790
MEM 31.359375 1570332499.9798
CHLD 0 31.375000 1570332499.9818
CHLD 1 391.859375 1570332499.9818
CHLD 2 264.921875 1570332499.9818
MEM 31.359375 1570332500.0826
CHLD 0 31.375000 1570332500.0846
CHLD 1 392.886719 1570332500.0846
CHLD 2 266.039062 1570332500.0846
MEM 31.359375 1570332500.1853
CHLD 0 31.375000 1570332500.1873
CHLD 1 393.984375 1570332500.1873
CHLD 2 267.164062 1570332500.1873
MEM 31.359375 1570332500.2881
CHLD 0 31.375000 1570332500.2900
CHLD 1 395.109375 1570332500.2900
CHLD 2 268.289062 1570332500.2900
MEM 31.359375 1570332500.3909
CHLD 0 31.375000 1570332500.3929
CHLD 1 396.234375 1570332500.3929
CHLD 2 269.414062 1570332500.3929
MEM 31.359375 1570332500.4938
CHLD 0 31.375000 1570332500.4957
CHLD 1 397.359375 1570332500.4957
CHLD 2 270.539062 1570332500.4957
MEM 31.359375 1570332500.5965
CHLD 0 31.375000 1570332500.5985
CHLD 1 398.406250 1570332500.5985
CHLD 2 271.687500 1570332500.5985
MEM 31.359375 1570332500.6992
CHLD 0 31.375000 1570332500.7012
CHLD 1 399.492188 1570332500.7012
CHLD 2 272.851562 1570332500.7012
MEM 31.359375 1570332500.8019
CHLD 0 31.375000 1570332500.8039
CHLD 1 400.609375 1570332500.8039
CHLD 2 273.968750 1570332500.8039
MEM 31.359375 1570332500.9041
CHLD 0 31.375000 1570332500.9061
CHLD 1 401.734375 1570332500.9061
CHLD 2 275.101562 1570332500.9061
MEM 31.359375 1570332501.0069
CHLD 0 31.375000 1570332501.0098
CHLD 1 402.796875 1570332501.0098
CHLD 2 276.289062 1570332501.0098
MEM 31.359375 1570332501.1106
CHLD 0 31.375000 1570332501.1126
CHLD 1 403.859375 1570332501.1126
CHLD 2 277.605469 1570332501.1126
MEM 31.359375 1570332501.2127
CHLD 0 31.375000 1570332501.2147
CHLD 1 404.984375 1570332501.2147
CHLD 2 278.718750 1570332501.2147
MEM 31.359375 1570332501.3154
CHLD 0 31.375000 1570332501.3174
CHLD 1 406.046875 1570332501.3174
CHLD 2 279.855469 1570332501.3174
MEM 31.359375 1570332501.4182
CHLD 0 31.375000 1570332501.4201
CHLD 1 407.132812 1570332501.4201
CHLD 2 281.136719 1570332501.4201
MEM 31.359375 1570332501.5209
CHLD 0 31.375000 1570332501.5229
CHLD 1 408.296875 1570332501.5229
CHLD 2 282.261719 1570332501.5229
MEM 31.359375 1570332501.6238
CHLD 0 31.375000 1570332501.6258
CHLD 1 409.359375 1570332501.6258
CHLD 2 283.449219 1570332501.6258
MEM 31.359375 1570332501.7266
CHLD 0 31.375000 1570332501.7286
CHLD 1 410.546875 1570332501.7286
CHLD 2 284.546875 1570332501.7286
MEM 31.359375 1570332501.8286
CHLD 0 31.375000 1570332501.8305
CHLD 1 411.609375 1570332501.8305
CHLD 2 285.699219 1570332501.8305
MEM 31.359375 1570332501.9315
CHLD 0 31.375000 1570332501.9334
CHLD 1 412.734375 1570332501.9334
CHLD 2 286.886719 1570332501.9334
MEM 31.359375 1570332502.0338
CHLD 0 31.375000 1570332502.0358
CHLD 1 413.734375 1570332502.0358
CHLD 2 287.949219 1570332502.0358
MEM 31.359375 1570332502.1365
CHLD 0 31.375000 1570332502.1385
CHLD 1 414.859375 1570332502.1385
CHLD 2 289.039062 1570332502.1385
MEM 31.359375 1570332502.2388
CHLD 0 31.375000 1570332502.2408
CHLD 1 415.875000 1570332502.2408
CHLD 2 290.136719 1570332502.2408
MEM 31.359375 1570332502.3409
CHLD 0 31.375000 1570332502.3428
CHLD 1 416.984375 1570332502.3428
CHLD 2 291.261719 1570332502.3428
MEM 31.359375 1570332502.4436
CHLD 0 31.375000 1570332502.4456
CHLD 1 418.046875 1570332502.4456
CHLD 2 292.386719 1570332502.4456
MEM 31.359375 1570332502.5459
CHLD 0 31.375000 1570332502.5489
CHLD 1 419.144531 1570332502.5489
CHLD 2 293.511719 1570332502.5489
MEM 31.359375 1570332502.6494
CHLD 0 31.375000 1570332502.6524
CHLD 1 420.296875 1570332502.6524
CHLD 2 294.636719 1570332502.6524
MEM 31.359375 1570332502.7531
CHLD 0 31.375000 1570332502.7551
CHLD 1 421.363281 1570332502.7551
CHLD 2 295.761719 1570332502.7551
MEM 31.359375 1570332502.8559
CHLD 0 31.375000 1570332502.8589
CHLD 1 422.484375 1570332502.8589
CHLD 2 296.886719 1570332502.8589
MEM 31.359375 1570332502.9589
CHLD 0 31.375000 1570332502.9609
CHLD 1 423.609375 1570332502.9609
CHLD 2 298.000000 1570332502.9609
MEM 31.359375 1570332503.0618
CHLD 0 31.375000 1570332503.0638
CHLD 1 424.644531 1570332503.0638
CHLD 2 299.136719 1570332503.0638
MEM 31.359375 1570332503.1640
CHLD 0 31.375000 1570332503.1660
CHLD 1 425.734375 1570332503.1660
CHLD 2 299.281250 1570332503.1660
MEM 31.359375 1570332503.2670
CHLD 0 31.375000 1570332503.2689
CHLD 1 426.859375 1570332503.2689
CHLD 2 300.386719 1570332503.2689
MEM 31.359375 1570332503.3698
CHLD 0 31.375000 1570332503.3718
CHLD 1 427.984375 1570332503.3718
CHLD 2 301.449219 1570332503.3718
MEM 31.359375 1570332503.4720
CHLD 0 31.375000 1570332503.4740
CHLD 1 429.046875 1570332503.4740
CHLD 2 302.546875 1570332503.4740
MEM 31.359375 1570332503.5748
CHLD 0 31.375000 1570332503.5767
CHLD 1 430.140625 1570332503.5767
CHLD 2 303.699219 1570332503.5767
MEM 31.359375 1570332503.6775
CHLD 0 31.375000 1570332503.6795
CHLD 1 431.296875 1570332503.6795
CHLD 2 304.886719 1570332503.6795
MEM 31.359375 1570332503.7803
CHLD 0 31.375000 1570332503.7823
CHLD 1 432.359375 1570332503.7823
CHLD 2 305.976562 1570332503.7823
MEM 31.359375 1570332503.8830
CHLD 0 31.375000 1570332503.8850
CHLD 1 433.484375 1570332503.8850
CHLD 2 307.136719 1570332503.8850
MEM 31.359375 1570332503.9851
CHLD 0 31.375000 1570332503.9871
CHLD 1 434.609375 1570332503.9871
CHLD 2 308.199219 1570332503.9871
MEM 31.359375 1570332504.0879
CHLD 0 31.375000 1570332504.0899
CHLD 1 435.652344 1570332504.0899
CHLD 2 309.292969 1570332504.0899
MEM 31.359375 1570332504.1908
CHLD 0 31.375000 1570332504.1928
CHLD 1 436.796875 1570332504.1928
CHLD 2 310.449219 1570332504.1928
MEM 31.359375 1570332504.2929
CHLD 0 31.375000 1570332504.2948
CHLD 1 437.863281 1570332504.2948
CHLD 2 311.527344 1570332504.2948
MEM 31.359375 1570332504.3949
CHLD 0 31.375000 1570332504.3969
CHLD 1 438.984375 1570332504.3969
CHLD 2 312.699219 1570332504.3969
MEM 31.359375 1570332504.4977
CHLD 0 31.375000 1570332504.4997
CHLD 1 440.109375 1570332504.4997
CHLD 2 313.808594 1570332504.4997
MEM 31.359375 1570332504.6005
CHLD 0 31.375000 1570332504.6025
CHLD 1 441.234375 1570332504.6025
CHLD 2 314.949219 1570332504.6025
MEM 31.359375 1570332504.7032
CHLD 0 31.375000 1570332504.7052
CHLD 1 442.296875 1570332504.7052
CHLD 2 316.136719 1570332504.7052
MEM 31.359375 1570332504.8052
CHLD 0 31.375000 1570332504.8072
CHLD 1 443.394531 1570332504.8072
CHLD 2 317.261719 1570332504.8072
MEM 31.359375 1570332504.9079
CHLD 0 31.375000 1570332504.9099
CHLD 1 444.828125 1570332504.9099
CHLD 2 318.386719 1570332504.9099
MEM 31.359375 1570332505.0106
CHLD 0 31.375000 1570332505.0136
CHLD 1 445.890625 1570332505.0136
CHLD 2 319.511719 1570332505.0136
MEM 31.359375 1570332505.1144
CHLD 0 31.375000 1570332505.1164
CHLD 1 446.945312 1570332505.1164
CHLD 2 320.636719 1570332505.1164
MEM 31.359375 1570332505.2168
CHLD 0 31.375000 1570332505.2188
CHLD 1 448.078125 1570332505.2188
CHLD 2 321.761719 1570332505.2188
MEM 31.359375 1570332505.3195
CHLD 0 31.375000 1570332505.3215
CHLD 1 449.140625 1570332505.3215
CHLD 2 322.886719 1570332505.3215
MEM 31.359375 1570332505.4223
CHLD 0 31.375000 1570332505.4243
CHLD 1 450.265625 1570332505.4243
CHLD 2 323.972656 1570332505.4243
MEM 31.359375 1570332505.5250
CHLD 0 31.375000 1570332505.5270
CHLD 1 451.390625 1570332505.5270
CHLD 2 325.136719 1570332505.5270
MEM 31.359375 1570332505.6290
CHLD 0 31.375000 1570332505.6310
CHLD 1 452.515625 1570332505.6310
CHLD 2 326.261719 1570332505.6310
MEM 31.359375 1570332505.7319
CHLD 0 31.375000 1570332505.7339
CHLD 1 453.578125 1570332505.7339
CHLD 2 327.386719 1570332505.7339
MEM 31.359375 1570332505.8346
CHLD 0 31.375000 1570332505.8366
CHLD 1 454.664062 1570332505.8366
CHLD 2 328.511719 1570332505.8366
MEM 31.359375 1570332505.9373
CHLD 0 31.375000 1570332505.9393
CHLD 1 455.765625 1570332505.9393
CHLD 2 329.636719 1570332505.9393
MEM 31.359375 1570332506.0395
CHLD 0 31.375000 1570332506.0415
CHLD 1 456.828125 1570332506.0415
CHLD 2 330.699219 1570332506.0415
MEM 31.359375 1570332506.1419
CHLD 0 31.375000 1570332506.1439
CHLD 1 457.890625 1570332506.1439
CHLD 2 331.785156 1570332506.1439
MEM 31.359375 1570332506.2446
CHLD 0 31.375000 1570332506.2466
CHLD 1 459.015625 1570332506.2466
CHLD 2 332.949219 1570332506.2466
MEM 31.359375 1570332506.3474
CHLD 0 31.375000 1570332506.3494
CHLD 1 460.140625 1570332506.3494
CHLD 2 334.015625 1570332506.3494
MEM 31.359375 1570332506.4502
CHLD 0 31.375000 1570332506.4522
CHLD 1 461.203125 1570332506.4522
CHLD 2 335.199219 1570332506.4522
MEM 31.359375 1570332506.5524
CHLD 0 31.375000 1570332506.5544
CHLD 1 462.328125 1570332506.5544
CHLD 2 336.304688 1570332506.5544
MEM 31.359375 1570332506.6547
CHLD 0 31.375000 1570332506.6567
CHLD 1 463.417969 1570332506.6567
CHLD 2 337.449219 1570332506.6567
MEM 31.359375 1570332506.7568
CHLD 0 31.375000 1570332506.7587
CHLD 1 464.578125 1570332506.7587
CHLD 2 338.566406 1570332506.7587
MEM 31.359375 1570332506.8595
CHLD 0 31.375000 1570332506.8615
CHLD 1 465.640625 1570332506.8615
CHLD 2 339.699219 1570332506.8615
MEM 31.359375 1570332506.9619
CHLD 0 31.375000 1570332506.9639
CHLD 1 466.765625 1570332506.9639
CHLD 2 340.816406 1570332506.9639
MEM 31.359375 1570332507.0648
CHLD 0 31.375000 1570332507.0667
CHLD 1 467.804688 1570332507.0667
CHLD 2 341.949219 1570332507.0667
MEM 31.359375 1570332507.1671
CHLD 0 31.375000 1570332507.1691
CHLD 1 468.515625 1570332507.1691
CHLD 2 343.039062 1570332507.1691
MEM 31.359375 1570332507.2694
CHLD 0 31.375000 1570332507.2714
CHLD 1 468.515625 1570332507.2714
CHLD 2 344.199219 1570332507.2714
MEM 31.359375 1570332507.3723
CHLD 0 31.375000 1570332507.3743
CHLD 1 469.515625 1570332507.3743
CHLD 2 345.300781 1570332507.3743
MEM 31.359375 1570332507.4750
CHLD 0 31.375000 1570332507.4770
CHLD 1 470.640625 1570332507.4770
CHLD 2 346.449219 1570332507.4770
MEM 31.359375 1570332507.5777
CHLD 0 31.375000 1570332507.5797
CHLD 1 471.765625 1570332507.5797
CHLD 2 347.574219 1570332507.5797
MEM 31.359375 1570332507.6800
CHLD 0 31.375000 1570332507.6820
CHLD 1 472.828125 1570332507.6820
CHLD 2 348.761719 1570332507.6820
MEM 31.359375 1570332507.7827
CHLD 0 31.375000 1570332507.7847
CHLD 1 473.917969 1570332507.7847
CHLD 2 349.886719 1570332507.7847
MEM 31.359375 1570332507.8854
CHLD 0 31.375000 1570332507.8874
CHLD 1 475.078125 1570332507.8874
CHLD 2 351.011719 1570332507.8874
MEM 31.359375 1570332507.9882
CHLD 0 31.375000 1570332507.9902
CHLD 1 476.140625 1570332507.9902
CHLD 2 352.136719 1570332507.9902
MEM 31.359375 1570332508.0909
CHLD 0 31.375000 1570332508.0929
CHLD 1 477.167969 1570332508.0929
CHLD 2 353.261719 1570332508.0929
MEM 31.359375 1570332508.1929
CHLD 0 31.375000 1570332508.1949
CHLD 1 478.265625 1570332508.1949
CHLD 2 354.289062 1570332508.1949
MEM 31.359375 1570332508.2957
CHLD 0 31.375000 1570332508.2977
CHLD 1 479.328125 1570332508.2977
CHLD 2 355.449219 1570332508.2977
MEM 31.359375 1570332508.3984
CHLD 0 31.375000 1570332508.4004
CHLD 1 480.390625 1570332508.4004
CHLD 2 356.535156 1570332508.4004
MEM 31.359375 1570332508.5011
CHLD 0 31.375000 1570332508.5031
CHLD 1 481.449219 1570332508.5031
CHLD 2 357.699219 1570332508.5031
MEM 31.359375 1570332508.6039
CHLD 0 31.375000 1570332508.6068
CHLD 1 482.578125 1570332508.6068
CHLD 2 358.886719 1570332508.6068
MEM 31.359375 1570332508.7071
CHLD 0 31.375000 1570332508.7091
CHLD 1 483.894531 1570332508.7091
CHLD 2 359.980469 1570332508.7091
MEM 31.359375 1570332508.8099
CHLD 0 31.375000 1570332508.8118
CHLD 1 485.019531 1570332508.8118
CHLD 2 361.136719 1570332508.8118
MEM 31.359375 1570332508.9126
CHLD 0 31.375000 1570332508.9146
CHLD 1 486.054688 1570332508.9146
CHLD 2 362.261719 1570332508.9146
MEM 31.359375 1570332509.0153
CHLD 0 31.375000 1570332509.0173
CHLD 1 487.144531 1570332509.0173
CHLD 2 363.386719 1570332509.0173
MEM 31.359375 1570332509.1180
CHLD 0 31.375000 1570332509.1200
CHLD 1 488.195312 1570332509.1200
CHLD 2 364.511719 1570332509.1200
MEM 31.359375 1570332509.2201
CHLD 0 31.375000 1570332509.2221
CHLD 1 489.269531 1570332509.2221
CHLD 2 365.636719 1570332509.2221
MEM 31.359375 1570332509.3229
CHLD 0 31.375000 1570332509.3249
CHLD 1 490.394531 1570332509.3249
CHLD 2 366.761719 1570332509.3249
MEM 31.359375 1570332509.4250
CHLD 0 31.375000 1570332509.4270
CHLD 1 491.773438 1570332509.4270
CHLD 2 367.886719 1570332509.4270
MEM 31.359375 1570332509.5278
CHLD 0 31.375000 1570332509.5298
CHLD 1 492.835938 1570332509.5298
CHLD 2 368.949219 1570332509.5298
MEM 31.359375 1570332509.6306
CHLD 0 31.375000 1570332509.6326
CHLD 1 493.925781 1570332509.6326
CHLD 2 370.136719 1570332509.6326
MEM 31.359375 1570332509.7333
CHLD 0 31.375000 1570332509.7353
CHLD 1 495.085938 1570332509.7353
CHLD 2 371.261719 1570332509.7353
MEM 31.359375 1570332509.8360
CHLD 0 31.375000 1570332509.8380
CHLD 1 496.152344 1570332509.8380
CHLD 2 372.386719 1570332509.8380
MEM 31.359375 1570332509.9387
CHLD 0 31.375000 1570332509.9407
CHLD 1 497.273438 1570332509.9407
CHLD 2 373.511719 1570332509.9407
MEM 31.359375 1570332510.0408
CHLD 0 31.375000 1570332510.0428
CHLD 1 498.312500 1570332510.0428
CHLD 2 374.636719 1570332510.0428
MEM 31.359375 1570332510.1429
CHLD 0 31.375000 1570332510.1449
CHLD 1 499.414062 1570332510.1449
CHLD 2 375.699219 1570332510.1449
MEM 31.359375 1570332510.2451
CHLD 0 31.375000 1570332510.2471
CHLD 1 500.523438 1570332510.2471
CHLD 2 376.808594 1570332510.2471
MEM 31.359375 1570332510.3479
CHLD 0 31.375000 1570332510.3499
CHLD 1 501.648438 1570332510.3499
CHLD 2 378.011719 1570332510.3499
MEM 31.359375 1570332510.4499
CHLD 0 31.375000 1570332510.4519
CHLD 1 502.687500 1570332510.4519
CHLD 2 379.136719 1570332510.4519
MEM 31.359375 1570332510.5528
CHLD 0 31.375000 1570332510.5548
CHLD 1 503.835938 1570332510.5548
CHLD 2 380.261719 1570332510.5548
MEM 31.359375 1570332510.6555
CHLD 0 31.375000 1570332510.6575
CHLD 1 504.898438 1570332510.6575
CHLD 2 381.386719 1570332510.6575
MEM 31.359375 1570332510.7584
CHLD 0 31.375000 1570332510.7604
CHLD 1 506.023438 1570332510.7604
CHLD 2 382.511719 1570332510.7604
MEM 31.359375 1570332510.8613
CHLD 0 31.375000 1570332510.8633
CHLD 1 507.148438 1570332510.8633
CHLD 2 383.636719 1570332510.8633
MEM 31.359375 1570332510.9643
CHLD 0 31.375000 1570332510.9663
CHLD 1 508.273438 1570332510.9663
CHLD 2 384.761719 1570332510.9663
MEM 31.359375 1570332511.0671
CHLD 0 31.375000 1570332511.0691
CHLD 1 509.335938 1570332511.0691
CHLD 2 385.886719 1570332511.0691
MEM 31.359375 1570332511.1692
CHLD 0 31.375000 1570332511.1722
CHLD 1 510.410156 1570332511.1722
CHLD 2 386.949219 1570332511.1722
MEM 31.359375 1570332511.2729
CHLD 0 31.375000 1570332511.2749
CHLD 1 511.523438 1570332511.2749
CHLD 2 388.058594 1570332511.2749
MEM 31.359375 1570332511.3752
CHLD 0 31.375000 1570332511.3772
CHLD 1 512.585938 1570332511.3772
CHLD 2 389.199219 1570332511.3772
MEM 31.359375 1570332511.4779
CHLD 0 31.375000 1570332511.4799
CHLD 1 513.699219 1570332511.4799
CHLD 2 390.386719 1570332511.4799
MEM 31.359375 1570332511.5806
CHLD 0 31.375000 1570332511.5826
CHLD 1 514.835938 1570332511.5826
CHLD 2 391.511719 1570332511.5826
MEM 31.359375 1570332511.6834
CHLD 0 31.375000 1570332511.6853
CHLD 1 515.910156 1570332511.6853
CHLD 2 392.636719 1570332511.6853
MEM 31.359375 1570332511.7861
CHLD 0 31.375000 1570332511.7881
CHLD 1 517.023438 1570332511.7881
CHLD 2 393.761719 1570332511.7881
MEM 31.359375 1570332511.8889
CHLD 0 31.375000 1570332511.8909
CHLD 1 518.148438 1570332511.8909
CHLD 2 394.886719 1570332511.8909
MEM 31.359375 1570332511.9909
CHLD 0 31.375000 1570332511.9929
CHLD 1 519.273438 1570332511.9929
CHLD 2 396.011719 1570332511.9929
MEM 31.359375 1570332512.0938
CHLD 0 31.375000 1570332512.0967
CHLD 1 520.285156 1570332512.0967
CHLD 2 397.062500 1570332512.0967
MEM 31.359375 1570332512.1969
CHLD 0 31.375000 1570332512.1989
CHLD 1 521.398438 1570332512.1989
CHLD 2 398.199219 1570332512.1989
MEM 31.359375 1570332512.2997
CHLD 0 31.375000 1570332512.3017
CHLD 1 522.445312 1570332512.3017
CHLD 2 399.285156 1570332512.3017
MEM 31.359375 1570332512.4024
CHLD 0 31.375000 1570332512.4044
CHLD 1 523.585938 1570332512.4044
CHLD 2 400.449219 1570332512.4044
MEM 31.359375 1570332512.5047
CHLD 0 31.375000 1570332512.5067
CHLD 1 524.648438 1570332512.5067
CHLD 2 401.304688 1570332512.5067
MEM 31.359375 1570332512.6076
CHLD 0 31.375000 1570332512.6096
CHLD 1 525.773438 1570332512.6096
CHLD 2 401.304688 1570332512.6096
MEM 31.359375 1570332512.7098
CHLD 0 31.375000 1570332512.7118
CHLD 1 526.835938 1570332512.7118
CHLD 2 402.449219 1570332512.7118
MEM 31.304688 1570332512.8126
CHLD 0 31.375000 1570332512.8146
CHLD 1 527.898438 1570332512.8146
CHLD 2 403.511719 1570332512.8146
MEM 31.308594 1570332512.9153
CHLD 0 31.375000 1570332512.9173
CHLD 1 529.023438 1570332512.9173
CHLD 2 404.636719 1570332512.9173
MEM 31.312500 1570332513.0180
CHLD 0 279.437500 1570332513.0240
CHLD 1 405.718750 1570332513.0240
