CMDLINE c:\users\ty\appdata\local\programs\python\python37\python.exe chompyDriver.py
MEM 0.855469 1570332737.0613
MEM 18.199219 1570332737.1650
MEM 29.117188 1570332737.2673
MEM 31.421875 1570332737.3695
CHLD 0 15.156250 1570332737.3715
CHLD 1 14.906250 1570332737.3715
CHLD 2 14.800781 1570332737.3715
MEM 31.421875 1570332737.4722
CHLD 0 27.664062 1570332737.4742
CHLD 1 27.664062 1570332737.4742
CHLD 2 27.410156 1570332737.4742
MEM 31.421875 1570332737.5750
CHLD 0 31.476562 1570332737.5770
CHLD 1 39.714844 1570332737.5770
CHLD 2 31.410156 1570332737.5770
MEM 31.421875 1570332737.6779
CHLD 0 31.476562 1570332737.6799
CHLD 1 40.792969 1570332737.6799
CHLD 2 31.410156 1570332737.6799
MEM 31.421875 1570332737.7806
CHLD 0 31.476562 1570332737.7826
CHLD 1 41.843750 1570332737.7826
CHLD 2 31.410156 1570332737.7826
MEM 31.421875 1570332737.8829
CHLD 0 31.476562 1570332737.8849
CHLD 1 43.011719 1570332737.8849
CHLD 2 31.410156 1570332737.8849
MEM 31.421875 1570332737.9849
CHLD 0 31.476562 1570332737.9869
CHLD 1 44.074219 1570332737.9869
CHLD 2 31.410156 1570332737.9869
MEM 31.421875 1570332738.0871
CHLD 0 31.476562 1570332738.0901
CHLD 1 45.074219 1570332738.0901
CHLD 2 31.410156 1570332738.0901
MEM 31.421875 1570332738.1909
CHLD 0 31.476562 1570332738.1929
CHLD 1 46.199219 1570332738.1929
CHLD 2 31.410156 1570332738.1929
MEM 31.421875 1570332738.2938
CHLD 0 31.476562 1570332738.2958
CHLD 1 47.261719 1570332738.2958
CHLD 2 31.410156 1570332738.2958
MEM 31.421875 1570332738.3966
CHLD 0 31.476562 1570332738.3986
CHLD 1 48.324219 1570332738.3986
CHLD 2 31.410156 1570332738.3986
MEM 31.421875 1570332738.4987
CHLD 0 31.476562 1570332738.5007
CHLD 1 49.449219 1570332738.5007
CHLD 2 31.410156 1570332738.5007
MEM 31.421875 1570332738.6009
CHLD 0 31.476562 1570332738.6029
CHLD 1 50.511719 1570332738.6029
CHLD 2 39.425781 1570332738.6029
MEM 31.421875 1570332738.7035
CHLD 0 31.476562 1570332738.7055
CHLD 1 51.593750 1570332738.7055
CHLD 2 40.511719 1570332738.7055
MEM 31.421875 1570332738.8058
CHLD 0 31.476562 1570332738.8078
CHLD 1 52.710938 1570332738.8078
CHLD 2 41.636719 1570332738.8078
MEM 31.421875 1570332738.9087
CHLD 0 31.476562 1570332738.9107
CHLD 1 53.792969 1570332738.9107
CHLD 2 42.699219 1570332738.9107
MEM 31.421875 1570332739.0116
CHLD 0 31.476562 1570332739.0146
CHLD 1 54.855469 1570332739.0146
CHLD 2 43.761719 1570332739.0146
MEM 31.421875 1570332739.1153
CHLD 0 31.476562 1570332739.1173
CHLD 1 55.855469 1570332739.1173
CHLD 2 44.824219 1570332739.1173
MEM 31.421875 1570332739.2182
CHLD 0 31.476562 1570332739.2202
CHLD 1 56.878906 1570332739.2202
CHLD 2 45.886719 1570332739.2202
MEM 31.421875 1570332739.3210
CHLD 0 31.476562 1570332739.3230
CHLD 1 57.980469 1570332739.3230
CHLD 2 47.011719 1570332739.3230
MEM 31.421875 1570332739.4234
CHLD 0 31.476562 1570332739.4254
CHLD 1 59.042969 1570332739.4254
CHLD 2 48.074219 1570332739.4254
MEM 31.421875 1570332739.5262
CHLD 0 31.476562 1570332739.5282
CHLD 1 60.105469 1570332739.5282
CHLD 2 49.136719 1570332739.5282
MEM 31.421875 1570332739.6289
CHLD 0 31.476562 1570332739.6309
CHLD 1 61.042969 1570332739.6309
CHLD 2 50.183594 1570332739.6309
MEM 31.421875 1570332739.7316
CHLD 0 31.476562 1570332739.7336
CHLD 1 62.105469 1570332739.7336
CHLD 2 51.261719 1570332739.7336
MEM 31.421875 1570332739.8343
CHLD 0 31.476562 1570332739.8363
CHLD 1 63.113281 1570332739.8363
CHLD 2 52.335938 1570332739.8363
MEM 31.421875 1570332739.9371
CHLD 0 31.476562 1570332739.9391
CHLD 1 64.148438 1570332739.9391
CHLD 2 53.421875 1570332739.9391
MEM 31.421875 1570332740.0398
CHLD 0 31.476562 1570332740.0418
CHLD 1 65.230469 1570332740.0418
CHLD 2 54.542969 1570332740.0418
MEM 31.421875 1570332740.1430
CHLD 0 31.476562 1570332740.1450
CHLD 1 66.292969 1570332740.1450
CHLD 2 55.605469 1570332740.1450
MEM 31.421875 1570332740.2458
CHLD 0 31.476562 1570332740.2488
CHLD 1 67.292969 1570332740.2488
CHLD 2 56.667969 1570332740.2488
MEM 31.421875 1570332740.3490
CHLD 0 31.476562 1570332740.3510
CHLD 1 68.355469 1570332740.3520
CHLD 2 57.714844 1570332740.3520
MEM 31.421875 1570332740.4529
CHLD 0 31.476562 1570332740.4549
CHLD 1 69.386719 1570332740.4549
CHLD 2 58.855469 1570332740.4549
MEM 31.421875 1570332740.5558
CHLD 0 31.476562 1570332740.5578
CHLD 1 70.515625 1570332740.5578
CHLD 2 59.917969 1570332740.5578
MEM 31.421875 1570332740.6581
CHLD 0 31.476562 1570332740.6611
CHLD 1 71.578125 1570332740.6611
CHLD 2 61.042969 1570332740.6611
MEM 31.421875 1570332740.7618
CHLD 0 31.476562 1570332740.7638
CHLD 1 72.640625 1570332740.7638
CHLD 2 61.917969 1570332740.7638
MEM 31.421875 1570332740.8645
CHLD 0 31.476562 1570332740.8675
CHLD 1 73.710938 1570332740.8675
CHLD 2 63.042969 1570332740.8675
MEM 31.421875 1570332740.9684
CHLD 0 31.476562 1570332740.9704
CHLD 1 74.753906 1570332740.9704
CHLD 2 64.105469 1570332740.9704
MEM 31.421875 1570332741.0712
CHLD 0 31.476562 1570332741.0731
CHLD 1 75.828125 1570332741.0731
CHLD 2 65.167969 1570332741.0731
MEM 31.421875 1570332741.1739
CHLD 0 31.476562 1570332741.1759
CHLD 1 76.890625 1570332741.1759
CHLD 2 66.292969 1570332741.1759
MEM 31.421875 1570332741.2766
CHLD 0 31.476562 1570332741.2786
CHLD 1 77.890625 1570332741.2786
CHLD 2 67.355469 1570332741.2786
MEM 31.421875 1570332741.3793
CHLD 0 31.476562 1570332741.3813
CHLD 1 78.953125 1570332741.3813
CHLD 2 68.417969 1570332741.3813
MEM 31.421875 1570332741.4820
CHLD 0 31.476562 1570332741.4840
CHLD 1 80.078125 1570332741.4840
CHLD 2 69.574219 1570332741.4840
MEM 31.421875 1570332741.5858
CHLD 0 31.476562 1570332741.5887
CHLD 1 81.140625 1570332741.5887
CHLD 2 70.636719 1570332741.5887
MEM 31.421875 1570332741.6895
CHLD 0 31.476562 1570332741.6915
CHLD 1 82.140625 1570332741.6915
CHLD 2 71.710938 1570332741.6915
MEM 31.421875 1570332741.7922
CHLD 0 31.476562 1570332741.7942
CHLD 1 83.203125 1570332741.7942
CHLD 2 72.824219 1570332741.7942
MEM 31.421875 1570332741.8950
CHLD 0 31.476562 1570332741.8979
CHLD 1 84.234375 1570332741.8979
CHLD 2 73.886719 1570332741.8979
MEM 31.421875 1570332741.9988
CHLD 0 31.476562 1570332742.0017
CHLD 1 85.328125 1570332742.0017
CHLD 2 74.949219 1570332742.0017
MEM 31.421875 1570332742.1025
CHLD 0 31.476562 1570332742.1045
CHLD 1 86.390625 1570332742.1045
CHLD 2 76.136719 1570332742.1045
MEM 31.421875 1570332742.2052
CHLD 0 31.476562 1570332742.2072
CHLD 1 87.390625 1570332742.2072
CHLD 2 77.230469 1570332742.2072
MEM 31.421875 1570332742.3199
CHLD 0 31.476562 1570332742.3229
CHLD 1 88.640625 1570332742.3229
CHLD 2 78.417969 1570332742.3229
MEM 31.421875 1570332742.4236
CHLD 0 31.476562 1570332742.4256
CHLD 1 89.703125 1570332742.4256
CHLD 2 79.542969 1570332742.4256
MEM 31.421875 1570332742.5265
CHLD 0 31.476562 1570332742.5285
CHLD 1 90.730469 1570332742.5285
CHLD 2 80.667969 1570332742.5285
MEM 31.421875 1570332742.6287
CHLD 0 31.476562 1570332742.6307
CHLD 1 91.828125 1570332742.6307
CHLD 2 81.730469 1570332742.6307
MEM 31.421875 1570332742.7317
CHLD 0 31.476562 1570332742.7337
CHLD 1 92.921875 1570332742.7337
CHLD 2 82.843750 1570332742.7337
MEM 31.421875 1570332742.8338
CHLD 0 31.476562 1570332742.8358
CHLD 1 93.984375 1570332742.8358
CHLD 2 83.980469 1570332742.8358
MEM 31.421875 1570332742.9366
CHLD 0 31.476562 1570332742.9386
CHLD 1 95.031250 1570332742.9386
CHLD 2 85.046875 1570332742.9386
MEM 31.421875 1570332743.0396
CHLD 0 31.476562 1570332743.0416
CHLD 1 96.109375 1570332743.0416
CHLD 2 86.085938 1570332743.0416
MEM 31.421875 1570332743.1419
CHLD 0 31.476562 1570332743.1438
CHLD 1 97.296875 1570332743.1438
CHLD 2 87.171875 1570332743.1438
MEM 31.421875 1570332743.2447
CHLD 0 31.476562 1570332743.2467
CHLD 1 98.046875 1570332743.2467
CHLD 2 88.296875 1570332743.2467
MEM 31.421875 1570332743.3474
CHLD 0 31.476562 1570332743.3494
CHLD 1 99.121094 1570332743.3494
CHLD 2 89.355469 1570332743.3494
MEM 31.421875 1570332743.4495
CHLD 0 31.476562 1570332743.4515
CHLD 1 100.234375 1570332743.4515
CHLD 2 90.484375 1570332743.4515
MEM 31.421875 1570332743.5516
CHLD 0 31.476562 1570332743.5536
CHLD 1 101.234375 1570332743.5536
CHLD 2 91.546875 1570332743.5536
MEM 31.421875 1570332743.6538
CHLD 0 31.476562 1570332743.6558
CHLD 1 102.296875 1570332743.6558
CHLD 2 92.671875 1570332743.6558
MEM 31.421875 1570332743.7568
CHLD 0 31.476562 1570332743.7588
CHLD 1 103.390625 1570332743.7588
CHLD 2 93.796875 1570332743.7588
MEM 31.421875 1570332743.8589
CHLD 0 31.476562 1570332743.8609
CHLD 1 104.429688 1570332743.8609
CHLD 2 94.882812 1570332743.8609
MEM 31.421875 1570332743.9618
CHLD 0 31.476562 1570332743.9638
CHLD 1 105.515625 1570332743.9638
CHLD 2 96.015625 1570332743.9638
MEM 31.421875 1570332744.0643
CHLD 0 31.476562 1570332744.0663
CHLD 1 106.593750 1570332744.0663
CHLD 2 97.015625 1570332744.0663
MEM 31.421875 1570332744.1670
CHLD 0 31.476562 1570332744.1700
CHLD 1 107.593750 1570332744.1700
CHLD 2 98.078125 1570332744.1700
MEM 31.421875 1570332744.2707
CHLD 0 31.476562 1570332744.2727
CHLD 1 108.593750 1570332744.2727
CHLD 2 98.828125 1570332744.2727
MEM 31.421875 1570332744.3736
CHLD 0 31.476562 1570332744.3756
CHLD 1 109.613281 1570332744.3756
CHLD 2 99.992188 1570332744.3756
MEM 31.421875 1570332744.4763
CHLD 0 31.476562 1570332744.4783
CHLD 1 110.667969 1570332744.4783
CHLD 2 101.078125 1570332744.4783
MEM 31.421875 1570332744.5790
CHLD 0 31.476562 1570332744.5810
CHLD 1 111.781250 1570332744.5810
CHLD 2 102.203125 1570332744.5810
MEM 31.421875 1570332744.6818
CHLD 0 31.476562 1570332744.6838
CHLD 1 112.843750 1570332744.6838
CHLD 2 103.328125 1570332744.6838
MEM 31.421875 1570332744.7839
CHLD 0 31.476562 1570332744.7860
CHLD 1 113.906250 1570332744.7860
CHLD 2 104.390625 1570332744.7860
MEM 31.421875 1570332744.8868
CHLD 0 31.476562 1570332744.8898
CHLD 1 114.953125 1570332744.8898
CHLD 2 105.468750 1570332744.8898
MEM 31.421875 1570332744.9905
CHLD 0 31.476562 1570332744.9925
CHLD 1 115.992188 1570332744.9925
CHLD 2 106.613281 1570332744.9925
MEM 31.421875 1570332745.0932
CHLD 0 31.476562 1570332745.0952
CHLD 1 117.062500 1570332745.0952
CHLD 2 107.675781 1570332745.0952
MEM 31.421875 1570332745.1955
CHLD 0 31.476562 1570332745.1975
CHLD 1 118.062500 1570332745.1975
CHLD 2 108.738281 1570332745.1975
MEM 31.421875 1570332745.2982
CHLD 0 31.476562 1570332745.3002
CHLD 1 119.156250 1570332745.3002
CHLD 2 109.773438 1570332745.3002
MEM 31.421875 1570332745.4004
CHLD 0 31.476562 1570332745.4034
CHLD 1 120.218750 1570332745.4034
CHLD 2 110.863281 1570332745.4034
MEM 31.421875 1570332745.5042
CHLD 0 31.476562 1570332745.5071
CHLD 1 121.273438 1570332745.5071
CHLD 2 111.988281 1570332745.5071
MEM 31.421875 1570332745.6079
CHLD 0 31.476562 1570332745.6099
CHLD 1 122.414062 1570332745.6109
CHLD 2 113.039062 1570332745.6109
MEM 31.421875 1570332745.7116
CHLD 0 31.476562 1570332745.7136
CHLD 1 123.476562 1570332745.7136
CHLD 2 114.175781 1570332745.7136
MEM 31.421875 1570332745.8143
CHLD 0 31.476562 1570332745.8163
CHLD 1 124.554688 1570332745.8163
CHLD 2 115.246094 1570332745.8163
MEM 31.421875 1570332745.9171
CHLD 0 31.476562 1570332745.9190
CHLD 1 125.726562 1570332745.9190
CHLD 2 116.363281 1570332745.9190
MEM 31.421875 1570332746.0198
CHLD 0 31.476562 1570332746.0228
CHLD 1 126.726562 1570332746.0228
CHLD 2 117.363281 1570332746.0228
MEM 31.421875 1570332746.1235
CHLD 0 31.476562 1570332746.1255
CHLD 1 127.351562 1570332746.1255
CHLD 2 118.472656 1570332746.1255
MEM 31.421875 1570332746.2258
CHLD 0 31.476562 1570332746.2278
CHLD 1 127.351562 1570332746.2278
CHLD 2 119.535156 1570332746.2278
MEM 31.421875 1570332746.3290
CHLD 0 31.476562 1570332746.3310
CHLD 1 127.355469 1570332746.3310
CHLD 2 120.535156 1570332746.3310
MEM 31.421875 1570332746.4312
CHLD 0 31.476562 1570332746.4332
CHLD 1 127.367188 1570332746.4332
CHLD 2 121.730469 1570332746.4332
MEM 31.421875 1570332746.5340
CHLD 0 31.476562 1570332746.5360
CHLD 1 127.367188 1570332746.5360
CHLD 2 121.859375 1570332746.5360
MEM 31.421875 1570332746.6368
CHLD 0 31.476562 1570332746.6388
CHLD 1 127.367188 1570332746.6388
CHLD 2 121.863281 1570332746.6388
MEM 31.421875 1570332746.7392
CHLD 0 31.476562 1570332746.7412
CHLD 1 127.382812 1570332746.7412
CHLD 2 121.867188 1570332746.7412
MEM 31.421875 1570332746.8420
CHLD 0 31.476562 1570332746.8440
CHLD 1 127.382812 1570332746.8440
CHLD 2 121.867188 1570332746.8440
MEM 31.421875 1570332746.9444
CHLD 0 31.476562 1570332746.9463
CHLD 1 128.632812 1570332746.9463
CHLD 2 121.867188 1570332746.9463
MEM 31.421875 1570332747.0471
CHLD 0 31.476562 1570332747.0491
CHLD 1 129.410156 1570332747.0491
CHLD 2 121.867188 1570332747.0491
MEM 31.421875 1570332747.1494
CHLD 0 31.476562 1570332747.1544
CHLD 1 130.007812 1570332747.1544
CHLD 2 121.867188 1570332747.1544
MEM 31.421875 1570332747.2552
CHLD 0 31.476562 1570332747.2572
CHLD 1 130.761719 1570332747.2572
CHLD 2 121.867188 1570332747.2572
MEM 31.421875 1570332747.3574
CHLD 0 31.476562 1570332747.3594
CHLD 1 131.511719 1570332747.3594
CHLD 2 121.867188 1570332747.3594
MEM 31.421875 1570332747.4594
CHLD 0 31.476562 1570332747.4614
CHLD 1 132.324219 1570332747.4614
CHLD 2 121.867188 1570332747.4614
MEM 31.421875 1570332747.5616
CHLD 0 31.476562 1570332747.5636
CHLD 1 133.156250 1570332747.5636
CHLD 2 121.867188 1570332747.5636
MEM 31.421875 1570332747.6644
CHLD 0 31.476562 1570332747.6664
CHLD 1 134.074219 1570332747.6664
CHLD 2 121.867188 1570332747.6664
MEM 31.421875 1570332747.7666
CHLD 0 31.476562 1570332747.7686
CHLD 1 134.933594 1570332747.7686
CHLD 2 121.867188 1570332747.7686
MEM 31.421875 1570332747.8688
CHLD 0 31.476562 1570332747.8708
CHLD 1 135.832031 1570332747.8708
CHLD 2 121.867188 1570332747.8708
MEM 31.421875 1570332747.9709
CHLD 0 31.476562 1570332747.9729
CHLD 1 136.765625 1570332747.9729
CHLD 2 121.867188 1570332747.9729
MEM 31.421875 1570332748.0732
CHLD 0 31.476562 1570332748.0752
CHLD 1 137.644531 1570332748.0762
CHLD 2 121.867188 1570332748.0762
MEM 31.421875 1570332748.1769
CHLD 0 31.476562 1570332748.1789
CHLD 1 138.578125 1570332748.1789
CHLD 2 121.867188 1570332748.1789
MEM 31.421875 1570332748.2796
CHLD 0 31.476562 1570332748.2816
CHLD 1 139.515625 1570332748.2816
CHLD 2 121.867188 1570332748.2816
MEM 31.421875 1570332748.3824
CHLD 0 31.476562 1570332748.3844
CHLD 1 140.515625 1570332748.3844
CHLD 2 121.867188 1570332748.3844
MEM 31.421875 1570332748.4847
CHLD 0 31.476562 1570332748.4867
CHLD 1 141.406250 1570332748.4867
CHLD 2 121.867188 1570332748.4867
MEM 31.421875 1570332748.5876
CHLD 0 31.476562 1570332748.5906
CHLD 1 142.398438 1570332748.5906
CHLD 2 121.867188 1570332748.5906
MEM 31.421875 1570332748.6908
CHLD 0 31.476562 1570332748.6928
CHLD 1 143.421875 1570332748.6928
CHLD 2 121.867188 1570332748.6928
MEM 31.421875 1570332748.7929
CHLD 0 31.476562 1570332748.7949
CHLD 1 144.406250 1570332748.7949
CHLD 2 121.867188 1570332748.7949
MEM 31.421875 1570332748.8949
CHLD 0 31.476562 1570332748.8969
CHLD 1 145.398438 1570332748.8969
CHLD 2 121.867188 1570332748.8969
MEM 31.421875 1570332748.9974
CHLD 0 31.476562 1570332749.0003
CHLD 1 146.445312 1570332749.0003
CHLD 2 121.867188 1570332749.0003
MEM 31.421875 1570332749.1008
CHLD 0 31.476562 1570332749.1028
CHLD 1 147.406250 1570332749.1028
CHLD 2 121.867188 1570332749.1028
MEM 31.421875 1570332749.2031
CHLD 0 31.476562 1570332749.2050
CHLD 1 148.433594 1570332749.2050
CHLD 2 121.867188 1570332749.2050
MEM 31.421875 1570332749.3058
CHLD 0 31.476562 1570332749.3077
CHLD 1 149.515625 1570332749.3077
CHLD 2 121.871094 1570332749.3077
MEM 31.421875 1570332749.4079
CHLD 0 31.476562 1570332749.4099
CHLD 1 150.515625 1570332749.4099
CHLD 2 121.871094 1570332749.4099
MEM 31.421875 1570332749.5105
CHLD 0 31.476562 1570332749.5125
CHLD 1 151.578125 1570332749.5125
CHLD 2 121.875000 1570332749.5125
MEM 31.421875 1570332749.6127
CHLD 0 31.476562 1570332749.6147
CHLD 1 152.578125 1570332749.6147
CHLD 2 121.875000 1570332749.6147
MEM 31.421875 1570332749.7148
CHLD 0 31.476562 1570332749.7168
CHLD 1 153.699219 1570332749.7168
CHLD 2 121.878906 1570332749.7168
MEM 31.421875 1570332749.8175
CHLD 0 31.476562 1570332749.8195
CHLD 1 154.765625 1570332749.8195
CHLD 2 121.878906 1570332749.8195
MEM 31.421875 1570332749.9195
CHLD 0 31.476562 1570332749.9215
CHLD 1 155.855469 1570332749.9215
CHLD 2 121.878906 1570332749.9215
MEM 31.421875 1570332750.0216
CHLD 0 31.476562 1570332750.0236
CHLD 1 156.890625 1570332750.0236
CHLD 2 121.878906 1570332750.0236
MEM 31.421875 1570332750.1236
CHLD 0 31.476562 1570332750.1256
CHLD 1 157.953125 1570332750.1256
CHLD 2 121.878906 1570332750.1256
MEM 31.421875 1570332750.2263
CHLD 0 31.476562 1570332750.2283
CHLD 1 159.015625 1570332750.2283
CHLD 2 121.878906 1570332750.2283
MEM 31.421875 1570332750.3290
CHLD 0 31.476562 1570332750.3310
CHLD 1 160.144531 1570332750.3310
CHLD 2 121.878906 1570332750.3310
MEM 31.421875 1570332750.4318
CHLD 0 31.476562 1570332750.4338
CHLD 1 160.765625 1570332750.4338
CHLD 2 121.878906 1570332750.4338
MEM 31.421875 1570332750.5357
CHLD 0 31.476562 1570332750.5377
CHLD 1 161.828125 1570332750.5377
CHLD 2 121.878906 1570332750.5377
MEM 31.421875 1570332750.6385
CHLD 0 31.476562 1570332750.6405
CHLD 1 163.015625 1570332750.6405
CHLD 2 121.878906 1570332750.6405
MEM 31.421875 1570332750.7407
CHLD 0 31.476562 1570332750.7427
CHLD 1 164.015625 1570332750.7427
CHLD 2 121.878906 1570332750.7427
MEM 31.421875 1570332750.8428
CHLD 0 31.476562 1570332750.8448
CHLD 1 165.191406 1570332750.8448
CHLD 2 121.878906 1570332750.8448
MEM 31.421875 1570332750.9449
CHLD 0 31.476562 1570332750.9469
CHLD 1 166.328125 1570332750.9469
CHLD 2 121.878906 1570332750.9469
MEM 31.421875 1570332751.0479
CHLD 0 31.476562 1570332751.0499
CHLD 1 167.402344 1570332751.0499
CHLD 2 121.878906 1570332751.0499
MEM 31.421875 1570332751.1500
CHLD 0 31.476562 1570332751.1520
CHLD 1 168.578125 1570332751.1520
CHLD 2 121.878906 1570332751.1520
MEM 31.421875 1570332751.2543
CHLD 0 31.476562 1570332751.2562
CHLD 1 169.578125 1570332751.2562
CHLD 2 121.878906 1570332751.2562
MEM 31.421875 1570332751.3570
CHLD 0 31.476562 1570332751.3589
CHLD 1 170.828125 1570332751.3589
CHLD 2 121.878906 1570332751.3589
MEM 31.421875 1570332751.4597
CHLD 0 31.476562 1570332751.4617
CHLD 1 171.941406 1570332751.4617
CHLD 2 121.878906 1570332751.4617
MEM 31.421875 1570332751.5624
CHLD 0 31.476562 1570332751.5644
CHLD 1 173.140625 1570332751.5644
CHLD 2 121.878906 1570332751.5644
MEM 31.421875 1570332751.6653
CHLD 0 31.476562 1570332751.6683
CHLD 1 174.328125 1570332751.6683
CHLD 2 121.878906 1570332751.6683
MEM 31.421875 1570332751.7691
CHLD 0 31.476562 1570332751.7711
CHLD 1 175.433594 1570332751.7711
CHLD 2 121.878906 1570332751.7711
MEM 31.421875 1570332751.8718
CHLD 0 31.476562 1570332751.8738
CHLD 1 176.765625 1570332751.8738
CHLD 2 121.878906 1570332751.8738
MEM 31.421875 1570332751.9745
CHLD 0 31.476562 1570332751.9765
CHLD 1 177.859375 1570332751.9765
CHLD 2 121.878906 1570332751.9765
MEM 31.421875 1570332752.0768
CHLD 0 31.476562 1570332752.0788
CHLD 1 179.039062 1570332752.0788
CHLD 2 121.878906 1570332752.0788
MEM 31.421875 1570332752.1795
CHLD 0 31.476562 1570332752.1815
CHLD 1 180.289062 1570332752.1815
CHLD 2 121.878906 1570332752.1815
MEM 31.421875 1570332752.2822
CHLD 0 31.476562 1570332752.2842
CHLD 1 181.414062 1570332752.2842
CHLD 2 121.878906 1570332752.2842
MEM 31.421875 1570332752.3849
CHLD 0 31.476562 1570332752.3869
CHLD 1 182.601562 1570332752.3869
CHLD 2 121.878906 1570332752.3869
MEM 31.421875 1570332752.4877
CHLD 0 31.476562 1570332752.4897
CHLD 1 183.882812 1570332752.4897
CHLD 2 121.878906 1570332752.4897
MEM 31.421875 1570332752.5906
CHLD 0 31.476562 1570332752.5926
CHLD 1 185.070312 1570332752.5926
CHLD 2 121.878906 1570332752.5926
MEM 31.421875 1570332752.6933
CHLD 0 31.476562 1570332752.6953
CHLD 1 186.320312 1570332752.6953
CHLD 2 121.878906 1570332752.6953
MEM 31.421875 1570332752.7962
CHLD 0 31.476562 1570332752.7982
CHLD 1 187.632812 1570332752.7982
CHLD 2 121.878906 1570332752.7982
MEM 31.421875 1570332752.8989
CHLD 0 31.476562 1570332752.9009
CHLD 1 188.761719 1570332752.9009
CHLD 2 121.878906 1570332752.9009
MEM 31.421875 1570332753.0017
CHLD 0 31.476562 1570332753.0047
CHLD 1 190.160156 1570332753.0047
CHLD 2 121.878906 1570332753.0047
MEM 31.421875 1570332753.1054
CHLD 0 31.476562 1570332753.1074
CHLD 1 191.347656 1570332753.1074
CHLD 2 121.878906 1570332753.1074
MEM 31.421875 1570332753.2083
CHLD 0 31.476562 1570332753.2103
CHLD 1 192.535156 1570332753.2103
CHLD 2 121.878906 1570332753.2103
MEM 31.421875 1570332753.3111
CHLD 0 31.476562 1570332753.3130
CHLD 1 193.785156 1570332753.3130
CHLD 2 121.878906 1570332753.3130
MEM 31.421875 1570332753.4133
CHLD 0 31.476562 1570332753.4153
CHLD 1 194.410156 1570332753.4153
CHLD 2 121.878906 1570332753.4153
MEM 31.421875 1570332753.5160
CHLD 0 31.476562 1570332753.5180
CHLD 1 195.675781 1570332753.5180
CHLD 2 121.878906 1570332753.5180
MEM 31.421875 1570332753.6187
CHLD 0 31.476562 1570332753.6207
CHLD 1 196.898438 1570332753.6207
CHLD 2 121.878906 1570332753.6207
MEM 31.421875 1570332753.7215
CHLD 0 31.476562 1570332753.7245
CHLD 1 198.308594 1570332753.7245
CHLD 2 121.878906 1570332753.7245
MEM 31.421875 1570332753.8252
CHLD 0 31.476562 1570332753.8272
CHLD 1 199.621094 1570332753.8272
CHLD 2 121.878906 1570332753.8272
MEM 31.421875 1570332753.9279
CHLD 0 31.476562 1570332753.9299
CHLD 1 200.808594 1570332753.9299
CHLD 2 121.878906 1570332753.9299
MEM 31.421875 1570332754.0302
CHLD 0 31.476562 1570332754.0322
CHLD 1 202.082031 1570332754.0322
CHLD 2 121.878906 1570332754.0322
MEM 31.421875 1570332754.1329
CHLD 0 31.476562 1570332754.1349
CHLD 1 203.394531 1570332754.1349
CHLD 2 121.878906 1570332754.1349
MEM 31.421875 1570332754.2356
CHLD 0 31.476562 1570332754.2376
CHLD 1 204.621094 1570332754.2376
CHLD 2 121.878906 1570332754.2376
MEM 31.421875 1570332754.3384
CHLD 0 31.476562 1570332754.3404
CHLD 1 205.527344 1570332754.3404
CHLD 2 121.878906 1570332754.3404
MEM 31.421875 1570332754.4412
CHLD 0 31.476562 1570332754.4432
CHLD 1 205.652344 1570332754.4432
CHLD 2 121.878906 1570332754.4432
MEM 31.421875 1570332754.5439
CHLD 0 31.476562 1570332754.5459
CHLD 1 205.839844 1570332754.5459
CHLD 2 121.878906 1570332754.5459
MEM 31.421875 1570332754.6462
CHLD 0 31.476562 1570332754.6482
CHLD 1 205.957031 1570332754.6482
CHLD 2 121.878906 1570332754.6482
MEM 31.421875 1570332754.7489
CHLD 0 31.476562 1570332754.7509
CHLD 1 206.394531 1570332754.7509
CHLD 2 121.878906 1570332754.7509
MEM 31.421875 1570332754.8517
CHLD 0 31.476562 1570332754.8537
CHLD 1 206.707031 1570332754.8537
CHLD 2 121.878906 1570332754.8537
MEM 31.421875 1570332754.9544
CHLD 0 31.476562 1570332754.9564
CHLD 1 206.964844 1570332754.9564
CHLD 2 121.878906 1570332754.9564
MEM 31.421875 1570332755.0568
CHLD 0 31.476562 1570332755.0588
CHLD 1 207.218750 1570332755.0588
CHLD 2 121.878906 1570332755.0588
MEM 31.421875 1570332755.1593
CHLD 0 31.476562 1570332755.1613
CHLD 1 207.457031 1570332755.1613
CHLD 2 121.878906 1570332755.1623
MEM 31.421875 1570332755.2631
CHLD 0 31.476562 1570332755.2650
CHLD 1 207.707031 1570332755.2650
CHLD 2 121.878906 1570332755.2650
MEM 31.421875 1570332755.3658
CHLD 0 31.476562 1570332755.3678
CHLD 1 207.929688 1570332755.3678
CHLD 2 121.878906 1570332755.3678
MEM 31.421875 1570332755.4685
CHLD 0 31.476562 1570332755.4705
CHLD 1 208.179688 1570332755.4705
CHLD 2 121.878906 1570332755.4705
MEM 31.421875 1570332755.5713
CHLD 0 31.476562 1570332755.5743
CHLD 1 208.367188 1570332755.5743
CHLD 2 121.878906 1570332755.5743
MEM 31.421875 1570332755.6747
CHLD 0 31.476562 1570332755.6767
CHLD 1 208.542969 1570332755.6767
CHLD 2 121.878906 1570332755.6767
MEM 31.421875 1570332755.7774
CHLD 0 31.476562 1570332755.7794
CHLD 1 208.742188 1570332755.7794
CHLD 2 121.878906 1570332755.7794
MEM 31.421875 1570332755.8797
CHLD 0 31.476562 1570332755.8816
CHLD 1 208.929688 1570332755.8816
CHLD 2 121.878906 1570332755.8816
MEM 31.421875 1570332755.9824
CHLD 0 31.476562 1570332755.9844
CHLD 1 209.117188 1570332755.9844
CHLD 2 121.878906 1570332755.9844
MEM 31.421875 1570332756.0851
CHLD 0 31.476562 1570332756.0871
CHLD 1 209.328125 1570332756.0871
CHLD 2 121.878906 1570332756.0871
MEM 31.421875 1570332756.1873
CHLD 0 31.476562 1570332756.1892
CHLD 1 209.679688 1570332756.1892
CHLD 2 121.878906 1570332756.1892
MEM 31.421875 1570332756.2900
CHLD 0 31.476562 1570332756.2920
CHLD 1 209.804688 1570332756.2920
CHLD 2 121.878906 1570332756.2920
MEM 31.421875 1570332756.3922
CHLD 0 31.476562 1570332756.3942
CHLD 1 209.972656 1570332756.3942
CHLD 2 121.878906 1570332756.3942
MEM 31.421875 1570332756.4949
CHLD 0 31.476562 1570332756.4969
CHLD 1 210.179688 1570332756.4969
CHLD 2 121.878906 1570332756.4969
MEM 31.421875 1570332756.5974
CHLD 0 31.476562 1570332756.5994
CHLD 1 210.304688 1570332756.5994
CHLD 2 121.878906 1570332756.5994
MEM 31.421875 1570332756.7001
CHLD 0 31.476562 1570332756.7031
CHLD 1 210.460938 1570332756.7031
CHLD 2 121.878906 1570332756.7031
MEM 31.421875 1570332756.8039
CHLD 0 31.476562 1570332756.8069
CHLD 1 210.617188 1570332756.8069
CHLD 2 121.878906 1570332756.8069
MEM 31.421875 1570332756.9076
CHLD 0 31.476562 1570332756.9096
CHLD 1 210.804688 1570332756.9096
CHLD 2 121.878906 1570332756.9096
MEM 31.421875 1570332757.0103
CHLD 0 31.476562 1570332757.0123
CHLD 1 210.992188 1570332757.0123
CHLD 2 121.878906 1570332757.0123
MEM 31.421875 1570332757.1130
CHLD 0 31.476562 1570332757.1150
CHLD 1 211.210938 1570332757.1150
CHLD 2 121.878906 1570332757.1150
MEM 31.421875 1570332757.2157
CHLD 0 31.476562 1570332757.2177
CHLD 1 211.304688 1570332757.2177
CHLD 2 121.878906 1570332757.2177
MEM 31.421875 1570332757.3184
CHLD 0 31.476562 1570332757.3204
CHLD 1 211.460938 1570332757.3204
CHLD 2 121.878906 1570332757.3204
MEM 31.421875 1570332757.4212
CHLD 0 31.476562 1570332757.4232
CHLD 1 211.722656 1570332757.4232
CHLD 2 121.878906 1570332757.4232
MEM 31.421875 1570332757.5239
CHLD 0 31.476562 1570332757.5259
CHLD 1 211.847656 1570332757.5259
CHLD 2 121.878906 1570332757.5259
MEM 31.421875 1570332757.6263
CHLD 0 31.476562 1570332757.6283
CHLD 1 211.972656 1570332757.6283
CHLD 2 121.878906 1570332757.6283
MEM 31.421875 1570332757.7284
CHLD 0 31.476562 1570332757.7313
CHLD 1 212.109375 1570332757.7313
CHLD 2 121.878906 1570332757.7313
MEM 31.421875 1570332757.8318
CHLD 0 31.476562 1570332757.8348
CHLD 1 212.285156 1570332757.8348
CHLD 2 121.878906 1570332757.8348
MEM 31.421875 1570332757.9361
CHLD 0 31.476562 1570332757.9390
CHLD 1 218.175781 1570332757.9390
CHLD 2 121.878906 1570332757.9390
MEM 31.421875 1570332758.0398
CHLD 0 31.476562 1570332758.0418
CHLD 1 221.753906 1570332758.0418
CHLD 2 121.886719 1570332758.0418
MEM 31.421875 1570332758.1425
CHLD 0 31.476562 1570332758.1445
CHLD 1 231.058594 1570332758.1445
CHLD 2 121.921875 1570332758.1445
MEM 31.421875 1570332758.2452
CHLD 0 31.476562 1570332758.2472
CHLD 1 246.234375 1570332758.2472
CHLD 2 121.921875 1570332758.2472
MEM 31.421875 1570332758.3475
CHLD 0 31.476562 1570332758.3500
CHLD 1 267.121094 1570332758.3500
CHLD 2 121.921875 1570332758.3500
MEM 31.421875 1570332758.4508
CHLD 0 31.476562 1570332758.4538
CHLD 1 271.472656 1570332758.4538
CHLD 2 121.972656 1570332758.4538
MEM 31.421875 1570332758.5545
CHLD 0 31.476562 1570332758.5565
CHLD 1 270.566406 1570332758.5565
CHLD 2 122.042969 1570332758.5565
MEM 31.421875 1570332758.6574
CHLD 0 31.476562 1570332758.6594
CHLD 1 271.628906 1570332758.6594
CHLD 2 122.042969 1570332758.6594
MEM 31.421875 1570332758.7602
CHLD 0 31.476562 1570332758.7622
CHLD 1 272.656250 1570332758.7622
CHLD 2 122.042969 1570332758.7622
MEM 31.421875 1570332758.8629
CHLD 0 31.476562 1570332758.8649
CHLD 1 273.718750 1570332758.8649
CHLD 2 122.042969 1570332758.8649
MEM 31.421875 1570332758.9656
CHLD 0 31.476562 1570332758.9678
CHLD 1 274.816406 1570332758.9678
CHLD 2 122.042969 1570332758.9678
MEM 31.421875 1570332759.0686
CHLD 0 31.476562 1570332759.0706
CHLD 1 275.878906 1570332759.0706
CHLD 2 122.042969 1570332759.0706
MEM 31.421875 1570332759.1713
CHLD 0 31.476562 1570332759.1733
CHLD 1 276.878906 1570332759.1733
CHLD 2 122.042969 1570332759.1733
MEM 31.421875 1570332759.2740
CHLD 0 31.476562 1570332759.2760
CHLD 1 277.941406 1570332759.2760
CHLD 2 122.042969 1570332759.2760
MEM 31.421875 1570332759.3767
CHLD 0 31.476562 1570332759.3787
CHLD 1 279.003906 1570332759.3787
CHLD 2 122.042969 1570332759.3787
MEM 31.421875 1570332759.4794
CHLD 0 31.476562 1570332759.4824
CHLD 1 280.128906 1570332759.4824
CHLD 2 122.042969 1570332759.4824
MEM 31.421875 1570332759.5832
CHLD 0 31.476562 1570332759.5852
CHLD 1 281.191406 1570332759.5852
CHLD 2 122.042969 1570332759.5852
MEM 31.421875 1570332759.6861
CHLD 0 31.476562 1570332759.6881
CHLD 1 282.253906 1570332759.6881
CHLD 2 122.042969 1570332759.6881
MEM 31.421875 1570332759.7889
CHLD 0 31.476562 1570332759.7909
CHLD 1 283.378906 1570332759.7909
CHLD 2 122.042969 1570332759.7909
MEM 31.421875 1570332759.8916
CHLD 0 31.476562 1570332759.8936
CHLD 1 284.441406 1570332759.8936
CHLD 2 122.042969 1570332759.8936
MEM 31.421875 1570332759.9944
CHLD 0 31.476562 1570332759.9963
CHLD 1 285.566406 1570332759.9963
CHLD 2 122.042969 1570332759.9963
MEM 31.421875 1570332760.0971
CHLD 0 31.476562 1570332760.0991
CHLD 1 286.566406 1570332760.0991
CHLD 2 122.042969 1570332760.0991
MEM 31.421875 1570332760.1998
CHLD 0 31.476562 1570332760.2018
CHLD 1 287.691406 1570332760.2018
CHLD 2 122.042969 1570332760.2018
MEM 31.421875 1570332760.3025
CHLD 0 31.476562 1570332760.3045
CHLD 1 288.691406 1570332760.3045
CHLD 2 122.042969 1570332760.3045
MEM 31.421875 1570332760.4049
CHLD 0 31.476562 1570332760.4069
CHLD 1 289.816406 1570332760.4069
CHLD 2 122.042969 1570332760.4069
MEM 31.421875 1570332760.5074
CHLD 0 31.476562 1570332760.5094
CHLD 1 290.882812 1570332760.5094
CHLD 2 122.042969 1570332760.5094
MEM 31.421875 1570332760.6101
CHLD 0 31.476562 1570332760.6121
CHLD 1 291.917969 1570332760.6121
CHLD 2 122.042969 1570332760.6121
MEM 31.421875 1570332760.7129
CHLD 0 31.476562 1570332760.7149
CHLD 1 292.988281 1570332760.7149
CHLD 2 122.042969 1570332760.7149
MEM 31.421875 1570332760.8150
CHLD 0 31.476562 1570332760.8170
CHLD 1 294.324219 1570332760.8170
CHLD 2 122.042969 1570332760.8170
MEM 31.421875 1570332760.9178
CHLD 0 31.476562 1570332760.9198
CHLD 1 295.386719 1570332760.9198
CHLD 2 122.042969 1570332760.9198
MEM 31.421875 1570332761.0200
CHLD 0 31.476562 1570332761.0220
CHLD 1 296.449219 1570332761.0220
CHLD 2 122.042969 1570332761.0220
MEM 31.421875 1570332761.1223
CHLD 0 31.476562 1570332761.1243
CHLD 1 297.457031 1570332761.1243
CHLD 2 122.042969 1570332761.1243
MEM 31.421875 1570332761.2250
CHLD 0 31.476562 1570332761.2270
CHLD 1 298.574219 1570332761.2270
CHLD 2 122.042969 1570332761.2270
MEM 31.421875 1570332761.3274
CHLD 0 31.476562 1570332761.3294
CHLD 1 299.636719 1570332761.3294
CHLD 2 122.042969 1570332761.3294
MEM 31.421875 1570332761.4303
CHLD 0 31.476562 1570332761.4323
CHLD 1 300.699219 1570332761.4323
CHLD 2 122.042969 1570332761.4323
MEM 31.421875 1570332761.5331
CHLD 0 31.476562 1570332761.5351
CHLD 1 301.824219 1570332761.5351
CHLD 2 122.042969 1570332761.5351
MEM 31.421875 1570332761.6351
CHLD 0 31.476562 1570332761.6370
CHLD 1 302.886719 1570332761.6370
CHLD 2 122.042969 1570332761.6370
MEM 31.421875 1570332761.7378
CHLD 0 31.476562 1570332761.7398
CHLD 1 303.957031 1570332761.7398
CHLD 2 122.042969 1570332761.7398
MEM 31.421875 1570332761.8402
CHLD 0 31.476562 1570332761.8422
CHLD 1 305.074219 1570332761.8422
CHLD 2 122.042969 1570332761.8422
MEM 31.421875 1570332761.9429
CHLD 0 31.476562 1570332761.9449
CHLD 1 306.136719 1570332761.9449
CHLD 2 122.042969 1570332761.9449
MEM 31.421875 1570332762.0452
CHLD 0 31.476562 1570332762.0472
CHLD 1 307.199219 1570332762.0472
CHLD 2 122.042969 1570332762.0472
MEM 31.421875 1570332762.1476
CHLD 0 31.476562 1570332762.1506
CHLD 1 308.230469 1570332762.1506
CHLD 2 122.042969 1570332762.1506
MEM 31.421875 1570332762.2507
CHLD 0 31.476562 1570332762.2527
CHLD 1 309.324219 1570332762.2527
CHLD 2 122.042969 1570332762.2527
MEM 31.421875 1570332762.3529
CHLD 0 31.476562 1570332762.3549
CHLD 1 310.449219 1570332762.3549
CHLD 2 122.042969 1570332762.3549
MEM 31.421875 1570332762.4559
CHLD 0 31.476562 1570332762.4579
CHLD 1 311.523438 1570332762.4579
CHLD 2 122.042969 1570332762.4579
MEM 31.421875 1570332762.5588
CHLD 0 31.476562 1570332762.5608
CHLD 1 312.628906 1570332762.5608
CHLD 2 122.042969 1570332762.5608
MEM 31.421875 1570332762.6608
CHLD 0 31.476562 1570332762.6628
CHLD 1 313.691406 1570332762.6628
CHLD 2 122.042969 1570332762.6628
MEM 31.421875 1570332762.7636
CHLD 0 31.476562 1570332762.7656
CHLD 1 314.753906 1570332762.7656
CHLD 2 122.042969 1570332762.7656
MEM 31.421875 1570332762.8663
CHLD 0 31.476562 1570332762.8683
CHLD 1 315.878906 1570332762.8683
CHLD 2 122.042969 1570332762.8683
MEM 31.421875 1570332762.9687
CHLD 0 31.476562 1570332762.9707
CHLD 1 316.941406 1570332762.9707
CHLD 2 122.042969 1570332762.9707
MEM 31.421875 1570332763.0710
CHLD 0 31.476562 1570332763.0740
CHLD 1 317.519531 1570332763.0740
CHLD 2 122.042969 1570332763.0740
MEM 31.421875 1570332763.1746
CHLD 0 31.476562 1570332763.1777
CHLD 1 317.878906 1570332763.1777
CHLD 2 122.042969 1570332763.1777
MEM 31.421875 1570332763.2778
CHLD 0 31.476562 1570332763.2798
CHLD 1 318.941406 1570332763.2798
CHLD 2 122.042969 1570332763.2798
MEM 31.421875 1570332763.3806
CHLD 0 31.476562 1570332763.3826
CHLD 1 320.011719 1570332763.3826
CHLD 2 122.042969 1570332763.3826
MEM 31.421875 1570332763.4833
CHLD 0 31.476562 1570332763.4853
CHLD 1 321.128906 1570332763.4853
CHLD 2 122.042969 1570332763.4853
MEM 31.421875 1570332763.5860
CHLD 0 31.476562 1570332763.5880
CHLD 1 322.191406 1570332763.5880
CHLD 2 122.042969 1570332763.5880
MEM 31.421875 1570332763.6888
CHLD 0 31.476562 1570332763.6918
CHLD 1 323.257812 1570332763.6918
CHLD 2 122.042969 1570332763.6918
MEM 31.421875 1570332763.7927
CHLD 0 31.476562 1570332763.7947
CHLD 1 324.378906 1570332763.7947
CHLD 2 122.042969 1570332763.7947
MEM 31.421875 1570332763.8957
CHLD 0 31.476562 1570332763.8977
CHLD 1 325.441406 1570332763.8977
CHLD 2 122.042969 1570332763.8977
MEM 31.421875 1570332763.9978
CHLD 0 31.476562 1570332764.0008
CHLD 1 326.507812 1570332764.0008
CHLD 2 122.042969 1570332764.0008
MEM 31.421875 1570332764.1016
CHLD 0 31.476562 1570332764.1036
CHLD 1 327.628906 1570332764.1036
CHLD 2 122.042969 1570332764.1036
MEM 31.421875 1570332764.2037
CHLD 0 31.476562 1570332764.2056
CHLD 1 328.691406 1570332764.2056
CHLD 2 122.042969 1570332764.2056
MEM 31.421875 1570332764.3059
CHLD 0 31.476562 1570332764.3079
CHLD 1 329.753906 1570332764.3079
CHLD 2 122.042969 1570332764.3079
MEM 31.421875 1570332764.4088
CHLD 0 31.476562 1570332764.4108
CHLD 1 330.878906 1570332764.4108
CHLD 2 122.042969 1570332764.4108
MEM 31.421875 1570332764.5116
CHLD 0 31.476562 1570332764.5136
CHLD 1 331.941406 1570332764.5136
CHLD 2 122.042969 1570332764.5136
MEM 31.421875 1570332764.6143
CHLD 0 31.476562 1570332764.6163
CHLD 1 333.003906 1570332764.6163
CHLD 2 122.042969 1570332764.6163
MEM 31.421875 1570332764.7171
CHLD 0 31.476562 1570332764.7190
CHLD 1 334.050781 1570332764.7190
CHLD 2 122.042969 1570332764.7190
MEM 31.421875 1570332764.8195
CHLD 0 31.476562 1570332764.8215
CHLD 1 335.128906 1570332764.8215
CHLD 2 122.042969 1570332764.8215
MEM 31.421875 1570332764.9222
CHLD 0 31.476562 1570332764.9252
CHLD 1 336.195312 1570332764.9252
CHLD 2 122.042969 1570332764.9252
MEM 31.421875 1570332765.0260
CHLD 0 31.476562 1570332765.0279
CHLD 1 337.261719 1570332765.0279
CHLD 2 122.042969 1570332765.0279
MEM 31.421875 1570332765.1287
CHLD 0 31.476562 1570332765.1307
CHLD 1 338.378906 1570332765.1307
CHLD 2 122.042969 1570332765.1307
MEM 31.421875 1570332765.2307
CHLD 0 31.476562 1570332765.2327
CHLD 1 339.441406 1570332765.2327
CHLD 2 122.042969 1570332765.2327
MEM 31.421875 1570332765.3334
CHLD 0 31.476562 1570332765.3354
CHLD 1 340.503906 1570332765.3354
CHLD 2 122.042969 1570332765.3354
MEM 31.421875 1570332765.4361
CHLD 0 31.476562 1570332765.4381
CHLD 1 341.542969 1570332765.4381
CHLD 2 122.042969 1570332765.4381
MEM 31.421875 1570332765.5389
CHLD 0 31.476562 1570332765.5408
CHLD 1 342.628906 1570332765.5408
CHLD 2 122.042969 1570332765.5408
MEM 31.421875 1570332765.6409
CHLD 0 31.476562 1570332765.6429
CHLD 1 343.691406 1570332765.6429
CHLD 2 122.042969 1570332765.6429
MEM 31.421875 1570332765.7438
CHLD 0 31.476562 1570332765.7458
CHLD 1 344.800781 1570332765.7458
CHLD 2 122.042969 1570332765.7458
MEM 31.421875 1570332765.8458
CHLD 0 31.476562 1570332765.8478
CHLD 1 345.878906 1570332765.8478
CHLD 2 122.042969 1570332765.8478
MEM 31.421875 1570332765.9488
CHLD 0 31.476562 1570332765.9508
CHLD 1 347.003906 1570332765.9508
CHLD 2 122.042969 1570332765.9508
MEM 31.421875 1570332766.0515
CHLD 0 31.476562 1570332766.0535
CHLD 1 348.007812 1570332766.0535
CHLD 2 122.042969 1570332766.0535
MEM 31.421875 1570332766.1545
CHLD 0 31.476562 1570332766.1575
CHLD 1 349.058594 1570332766.1575
CHLD 2 122.042969 1570332766.1575
MEM 31.421875 1570332766.2582
CHLD 0 31.476562 1570332766.2602
CHLD 1 350.191406 1570332766.2602
CHLD 2 122.042969 1570332766.2602
MEM 31.421875 1570332766.3605
CHLD 0 31.476562 1570332766.3625
CHLD 1 351.253906 1570332766.3625
CHLD 2 122.042969 1570332766.3625
MEM 31.421875 1570332766.4627
CHLD 0 31.476562 1570332766.4647
CHLD 1 352.378906 1570332766.4647
CHLD 2 122.042969 1570332766.4647
MEM 31.421875 1570332766.5647
CHLD 0 31.476562 1570332766.5667
CHLD 1 353.441406 1570332766.5667
CHLD 2 122.042969 1570332766.5667
MEM 31.421875 1570332766.6670
CHLD 0 31.476562 1570332766.6690
CHLD 1 354.503906 1570332766.6690
CHLD 2 122.042969 1570332766.6690
MEM 31.421875 1570332766.7696
CHLD 0 31.476562 1570332766.7716
CHLD 1 355.441406 1570332766.7716
CHLD 2 122.042969 1570332766.7716
MEM 31.421875 1570332766.8723
CHLD 0 31.476562 1570332766.8743
CHLD 1 356.441406 1570332766.8743
CHLD 2 122.042969 1570332766.8743
MEM 31.421875 1570332766.9745
CHLD 0 31.476562 1570332766.9774
CHLD 1 357.296875 1570332766.9774
CHLD 2 122.042969 1570332766.9774
MEM 31.457031 1570332767.0812
CHLD 0 31.476562 1570332767.0842
CHLD 1 358.312500 1570332767.0842
CHLD 2 122.042969 1570332767.0842
MEM 31.457031 1570332767.1849
CHLD 0 31.476562 1570332767.1869
CHLD 1 359.300781 1570332767.1869
CHLD 2 122.042969 1570332767.1869
MEM 31.457031 1570332767.2876
CHLD 0 31.476562 1570332767.2906
CHLD 1 360.378906 1570332767.2906
CHLD 2 122.042969 1570332767.2906
MEM 31.457031 1570332767.3913
CHLD 0 31.507812 1570332767.3933
CHLD 1 361.414062 1570332767.3933
CHLD 2 122.078125 1570332767.3943
MEM 31.457031 1570332767.4951
CHLD 0 31.507812 1570332767.4971
CHLD 1 362.476562 1570332767.4971
CHLD 2 122.148438 1570332767.4971
MEM 31.457031 1570332767.5978
CHLD 0 31.507812 1570332767.5998
CHLD 1 363.539062 1570332767.5998
CHLD 2 122.148438 1570332767.5998
MEM 31.457031 1570332767.7005
CHLD 0 31.507812 1570332767.7025
CHLD 1 364.792969 1570332767.7025
CHLD 2 122.148438 1570332767.7025
MEM 31.457031 1570332767.8033
CHLD 0 31.507812 1570332767.8062
CHLD 1 365.835938 1570332767.8062
CHLD 2 122.148438 1570332767.8062
MEM 31.457031 1570332767.9068
CHLD 0 31.507812 1570332767.9098
CHLD 1 366.917969 1570332767.9098
CHLD 2 122.148438 1570332767.9098
MEM 31.457031 1570332768.0100
CHLD 0 31.507812 1570332768.0130
CHLD 1 367.980469 1570332768.0130
CHLD 2 122.148438 1570332768.0130
MEM 31.457031 1570332768.1138
CHLD 0 31.507812 1570332768.1158
CHLD 1 369.042969 1570332768.1158
CHLD 2 122.148438 1570332768.1158
MEM 31.457031 1570332768.2165
CHLD 0 31.507812 1570332768.2185
CHLD 1 370.078125 1570332768.2185
CHLD 2 122.148438 1570332768.2185
MEM 31.457031 1570332768.3194
CHLD 0 31.507812 1570332768.3224
CHLD 1 371.167969 1570332768.3224
CHLD 2 122.148438 1570332768.3224
MEM 31.457031 1570332768.4226
CHLD 0 31.507812 1570332768.4246
CHLD 1 372.230469 1570332768.4246
CHLD 2 122.148438 1570332768.4246
MEM 31.457031 1570332768.5252
CHLD 0 31.507812 1570332768.5282
CHLD 1 373.292969 1570332768.5282
CHLD 2 122.148438 1570332768.5282
MEM 31.457031 1570332768.6286
CHLD 0 31.507812 1570332768.6306
CHLD 1 374.324219 1570332768.6306
CHLD 2 122.148438 1570332768.6306
MEM 31.457031 1570332768.7306
CHLD 0 31.507812 1570332768.7336
CHLD 1 375.480469 1570332768.7336
CHLD 2 122.148438 1570332768.7336
MEM 31.457031 1570332768.8339
CHLD 0 31.507812 1570332768.8359
CHLD 1 376.496094 1570332768.8359
CHLD 2 122.148438 1570332768.8359
MEM 31.457031 1570332768.9366
CHLD 0 31.507812 1570332768.9386
CHLD 1 377.542969 1570332768.9386
CHLD 2 122.148438 1570332768.9386
MEM 31.457031 1570332769.0386
CHLD 0 31.507812 1570332769.0416
CHLD 1 378.503906 1570332769.0416
CHLD 2 122.148438 1570332769.0416
MEM 31.457031 1570332769.1424
CHLD 0 31.507812 1570332769.1454
CHLD 1 379.585938 1570332769.1454
CHLD 2 122.148438 1570332769.1454
MEM 31.457031 1570332769.2461
CHLD 0 31.507812 1570332769.2481
CHLD 1 380.667969 1570332769.2481
CHLD 2 122.179688 1570332769.2481
MEM 31.457031 1570332769.3488
CHLD 0 31.507812 1570332769.3508
CHLD 1 381.730469 1570332769.3508
CHLD 2 122.179688 1570332769.3508
MEM 31.457031 1570332769.4515
CHLD 0 31.507812 1570332769.4536
CHLD 1 382.792969 1570332769.4536
CHLD 2 122.179688 1570332769.4536
MEM 31.457031 1570332769.5543
CHLD 0 31.507812 1570332769.5573
CHLD 1 383.828125 1570332769.5573
CHLD 2 122.304688 1570332769.5573
MEM 31.457031 1570332769.6575
CHLD 0 31.507812 1570332769.6595
CHLD 1 384.917969 1570332769.6595
CHLD 2 122.484375 1570332769.6595
MEM 31.457031 1570332769.7603
CHLD 0 31.507812 1570332769.7622
CHLD 1 385.980469 1570332769.7622
CHLD 2 122.648438 1570332769.7622
MEM 31.457031 1570332769.8630
CHLD 0 31.507812 1570332769.8650
CHLD 1 387.042969 1570332769.8650
CHLD 2 122.835938 1570332769.8650
MEM 31.457031 1570332769.9653
CHLD 0 31.507812 1570332769.9673
CHLD 1 388.070312 1570332769.9673
CHLD 2 122.968750 1570332769.9673
MEM 31.457031 1570332770.0680
CHLD 0 31.507812 1570332770.0700
CHLD 1 389.167969 1570332770.0700
CHLD 2 123.148438 1570332770.0700
MEM 31.457031 1570332770.1708
CHLD 0 31.507812 1570332770.1728
CHLD 1 390.230469 1570332770.1728
CHLD 2 123.367188 1570332770.1728
MEM 31.457031 1570332770.2735
CHLD 0 31.507812 1570332770.2755
CHLD 1 391.292969 1570332770.2755
CHLD 2 123.492188 1570332770.2755
MEM 31.457031 1570332770.3759
CHLD 0 31.507812 1570332770.3779
CHLD 1 392.394531 1570332770.3779
CHLD 2 123.695312 1570332770.3779
MEM 31.457031 1570332770.4786
CHLD 0 31.507812 1570332770.4806
CHLD 1 393.488281 1570332770.4806
CHLD 2 123.792969 1570332770.4806
MEM 31.457031 1570332770.5811
CHLD 0 31.507812 1570332770.5831
CHLD 1 394.550781 1570332770.5831
CHLD 2 125.636719 1570332770.5831
MEM 31.457031 1570332770.6832
CHLD 0 31.507812 1570332770.6852
CHLD 1 395.613281 1570332770.6852
CHLD 2 138.500000 1570332770.6852
MEM 31.457031 1570332770.7855
CHLD 0 31.507812 1570332770.7875
CHLD 1 396.656250 1570332770.7875
CHLD 2 151.695312 1570332770.7875
MEM 31.457031 1570332770.8877
CHLD 0 31.507812 1570332770.8907
CHLD 1 397.738281 1570332770.8907
CHLD 2 165.246094 1570332770.8907
MEM 31.457031 1570332770.9913
CHLD 0 31.507812 1570332770.9933
CHLD 1 398.800781 1570332770.9933
CHLD 2 182.507812 1570332770.9933
MEM 31.457031 1570332771.0940
CHLD 0 31.507812 1570332771.0960
CHLD 1 399.863281 1570332771.0960
CHLD 2 176.699219 1570332771.0960
MEM 31.457031 1570332771.1968
CHLD 0 31.507812 1570332771.1988
CHLD 1 400.910156 1570332771.1988
CHLD 2 177.824219 1570332771.1988
MEM 31.457031 1570332771.2995
CHLD 0 31.507812 1570332771.3020
CHLD 1 401.988281 1570332771.3020
CHLD 2 178.859375 1570332771.3020
MEM 31.457031 1570332771.4024
CHLD 0 31.507812 1570332771.4044
CHLD 1 403.113281 1570332771.4044
CHLD 2 180.011719 1570332771.4044
MEM 31.457031 1570332771.5051
CHLD 0 31.507812 1570332771.5071
CHLD 1 404.238281 1570332771.5071
CHLD 2 181.097656 1570332771.5071
MEM 31.457031 1570332771.6078
CHLD 0 31.507812 1570332771.6108
CHLD 1 405.300781 1570332771.6108
CHLD 2 182.199219 1570332771.6108
MEM 31.457031 1570332771.7116
CHLD 0 31.507812 1570332771.7136
CHLD 1 406.171875 1570332771.7136
CHLD 2 183.125000 1570332771.7136
MEM 31.457031 1570332771.8143
CHLD 0 31.507812 1570332771.8173
CHLD 1 406.988281 1570332771.8173
CHLD 2 183.949219 1570332771.8173
MEM 31.457031 1570332771.9180
CHLD 0 31.507812 1570332771.9200
CHLD 1 408.050781 1570332771.9200
CHLD 2 185.011719 1570332771.9200
MEM 31.457031 1570332772.0207
CHLD 0 31.507812 1570332772.0227
CHLD 1 409.050781 1570332772.0227
CHLD 2 186.011719 1570332772.0227
MEM 31.457031 1570332772.1237
CHLD 0 31.507812 1570332772.1266
CHLD 1 410.050781 1570332772.1266
CHLD 2 187.011719 1570332772.1266
MEM 31.457031 1570332772.2268
CHLD 0 31.507812 1570332772.2288
CHLD 1 411.050781 1570332772.2288
CHLD 2 188.074219 1570332772.2288
MEM 31.457031 1570332772.3290
CHLD 0 31.507812 1570332772.3310
CHLD 1 412.113281 1570332772.3310
CHLD 2 189.199219 1570332772.3310
MEM 31.457031 1570332772.4318
CHLD 0 31.507812 1570332772.4337
CHLD 1 413.156250 1570332772.4337
CHLD 2 190.261719 1570332772.4337
MEM 31.457031 1570332772.5345
CHLD 0 31.507812 1570332772.5365
CHLD 1 414.238281 1570332772.5365
CHLD 2 191.332031 1570332772.5365
MEM 31.457031 1570332772.6367
CHLD 0 31.507812 1570332772.6387
CHLD 1 415.300781 1570332772.6397
CHLD 2 192.378906 1570332772.6397
MEM 31.457031 1570332772.7404
CHLD 0 31.507812 1570332772.7424
CHLD 1 416.363281 1570332772.7424
CHLD 2 193.511719 1570332772.7424
MEM 31.457031 1570332772.8428
CHLD 0 31.507812 1570332772.8448
CHLD 1 417.363281 1570332772.8448
CHLD 2 194.574219 1570332772.8448
MEM 31.457031 1570332772.9453
CHLD 0 31.507812 1570332772.9473
CHLD 1 418.425781 1570332772.9473
CHLD 2 195.621094 1570332772.9473
MEM 31.457031 1570332773.0481
CHLD 0 31.507812 1570332773.0501
CHLD 1 419.488281 1570332773.0501
CHLD 2 196.699219 1570332773.0501
MEM 31.457031 1570332773.1508
CHLD 0 31.507812 1570332773.1528
CHLD 1 420.554688 1570332773.1528
CHLD 2 197.824219 1570332773.1528
MEM 31.457031 1570332773.2530
CHLD 0 31.507812 1570332773.2551
CHLD 1 421.613281 1570332773.2551
CHLD 2 198.867188 1570332773.2551
MEM 31.457031 1570332773.3558
CHLD 0 31.507812 1570332773.3588
CHLD 1 422.550781 1570332773.3588
CHLD 2 200.011719 1570332773.3588
MEM 31.457031 1570332773.4594
CHLD 0 31.507812 1570332773.4624
CHLD 1 422.550781 1570332773.4624
CHLD 2 201.074219 1570332773.4624
MEM 31.457031 1570332773.5628
CHLD 0 31.507812 1570332773.5647
CHLD 1 423.300781 1570332773.5657
CHLD 2 202.121094 1570332773.5657
MEM 31.457031 1570332773.6665
CHLD 0 31.507812 1570332773.6685
CHLD 1 424.363281 1570332773.6685
CHLD 2 203.261719 1570332773.6685
MEM 31.457031 1570332773.7692
CHLD 0 31.507812 1570332773.7712
CHLD 1 425.417969 1570332773.7712
CHLD 2 204.324219 1570332773.7712
MEM 31.457031 1570332773.8719
CHLD 0 31.507812 1570332773.8749
CHLD 1 426.488281 1570332773.8749
CHLD 2 205.449219 1570332773.8749
MEM 31.457031 1570332773.9751
CHLD 0 31.507812 1570332773.9783
CHLD 1 427.550781 1570332773.9783
CHLD 2 206.511719 1570332773.9783
MEM 31.457031 1570332774.0790
CHLD 0 31.507812 1570332774.0810
CHLD 1 428.562500 1570332774.0810
CHLD 2 207.574219 1570332774.0810
MEM 31.457031 1570332774.1817
CHLD 0 31.507812 1570332774.1837
CHLD 1 429.617188 1570332774.1837
CHLD 2 208.636719 1570332774.1837
MEM 31.457031 1570332774.2847
CHLD 0 31.507812 1570332774.2867
CHLD 1 430.738281 1570332774.2867
CHLD 2 209.761719 1570332774.2867
MEM 31.457031 1570332774.3874
CHLD 0 31.507812 1570332774.3894
CHLD 1 431.800781 1570332774.3894
CHLD 2 210.835938 1570332774.3904
MEM 31.457031 1570332774.4911
CHLD 0 31.507812 1570332774.4931
CHLD 1 432.863281 1570332774.4931
CHLD 2 211.949219 1570332774.4941
MEM 31.457031 1570332774.5948
CHLD 0 31.507812 1570332774.5968
CHLD 1 433.890625 1570332774.5968
CHLD 2 213.074219 1570332774.5968
MEM 31.457031 1570332774.6981
CHLD 0 31.507812 1570332774.7000
CHLD 1 434.988281 1570332774.7000
CHLD 2 214.109375 1570332774.7000
MEM 31.457031 1570332774.8007
CHLD 0 31.507812 1570332774.8026
CHLD 1 436.050781 1570332774.8026
CHLD 2 215.199219 1570332774.8026
MEM 31.457031 1570332774.9030
CHLD 0 31.507812 1570332774.9059
CHLD 1 437.113281 1570332774.9059
CHLD 2 216.324219 1570332774.9059
MEM 31.457031 1570332775.0062
CHLD 0 31.507812 1570332775.0082
CHLD 1 438.148438 1570332775.0082
CHLD 2 217.371094 1570332775.0092
MEM 31.457031 1570332775.1102
CHLD 0 31.507812 1570332775.1131
CHLD 1 439.238281 1570332775.1131
CHLD 2 218.511719 1570332775.1131
MEM 31.457031 1570332775.2137
CHLD 0 31.507812 1570332775.2157
CHLD 1 440.300781 1570332775.2157
CHLD 2 219.574219 1570332775.2157
MEM 31.457031 1570332775.3164
CHLD 0 31.507812 1570332775.3184
CHLD 1 441.363281 1570332775.3184
CHLD 2 220.875000 1570332775.3184
MEM 31.457031 1570332775.4191
CHLD 0 31.507812 1570332775.4211
CHLD 1 442.511719 1570332775.4211
CHLD 2 221.953125 1570332775.4211
MEM 31.457031 1570332775.5219
CHLD 0 31.507812 1570332775.5238
CHLD 1 443.562500 1570332775.5238
CHLD 2 223.332031 1570332775.5238
MEM 31.457031 1570332775.6246
CHLD 0 31.507812 1570332775.6266
CHLD 1 444.628906 1570332775.6266
CHLD 2 224.367188 1570332775.6266
MEM 31.457031 1570332775.7273
CHLD 0 31.507812 1570332775.7303
CHLD 1 445.628906 1570332775.7303
CHLD 2 225.355469 1570332775.7303
MEM 31.457031 1570332775.8310
CHLD 0 31.507812 1570332775.8330
CHLD 1 446.628906 1570332775.8330
CHLD 2 226.457031 1570332775.8330
MEM 31.457031 1570332775.9337
CHLD 0 31.507812 1570332775.9377
CHLD 1 447.503906 1570332775.9377
CHLD 2 227.332031 1570332775.9377
MEM 31.457031 1570332776.0384
CHLD 0 31.507812 1570332776.0404
CHLD 1 448.441406 1570332776.0404
CHLD 2 228.332031 1570332776.0404
MEM 31.457031 1570332776.1412
CHLD 0 31.507812 1570332776.1442
CHLD 1 449.441406 1570332776.1442
CHLD 2 229.343750 1570332776.1442
MEM 31.457031 1570332776.2449
CHLD 0 31.507812 1570332776.2469
CHLD 1 450.503906 1570332776.2479
CHLD 2 230.390625 1570332776.2479
MEM 31.457031 1570332776.3486
CHLD 0 31.507812 1570332776.3536
CHLD 1 451.441406 1570332776.3536
CHLD 2 231.390625 1570332776.3536
MEM 31.457031 1570332776.4543
CHLD 0 31.507812 1570332776.4563
CHLD 1 452.253906 1570332776.4563
CHLD 2 232.269531 1570332776.4563
MEM 31.457031 1570332776.5571
CHLD 0 31.507812 1570332776.5601
CHLD 1 453.191406 1570332776.5601
CHLD 2 233.207031 1570332776.5601
MEM 31.457031 1570332776.6603
CHLD 0 31.507812 1570332776.6623
CHLD 1 454.253906 1570332776.6623
CHLD 2 234.269531 1570332776.6623
MEM 31.457031 1570332776.7630
CHLD 0 31.507812 1570332776.7670
CHLD 1 455.253906 1570332776.7670
CHLD 2 235.332031 1570332776.7670
MEM 31.457031 1570332776.8677
CHLD 0 31.507812 1570332776.8697
CHLD 1 456.253906 1570332776.8697
CHLD 2 235.582031 1570332776.8697
MEM 31.457031 1570332776.9705
CHLD 0 31.507812 1570332776.9725
CHLD 1 457.257812 1570332776.9725
CHLD 2 236.582031 1570332776.9725
MEM 31.457031 1570332777.0732
CHLD 0 31.507812 1570332777.0752
CHLD 1 458.316406 1570332777.0752
CHLD 2 237.644531 1570332777.0752
MEM 31.457031 1570332777.1759
CHLD 0 31.507812 1570332777.1779
CHLD 1 459.441406 1570332777.1779
CHLD 2 238.769531 1570332777.1779
MEM 31.457031 1570332777.2786
CHLD 0 31.507812 1570332777.2806
CHLD 1 460.503906 1570332777.2806
CHLD 2 239.851562 1570332777.2806
MEM 31.457031 1570332777.3816
CHLD 0 31.507812 1570332777.3836
CHLD 1 461.531250 1570332777.3836
CHLD 2 241.019531 1570332777.3836
MEM 31.457031 1570332777.4843
CHLD 0 31.507812 1570332777.4863
CHLD 1 462.628906 1570332777.4863
CHLD 2 242.082031 1570332777.4863
MEM 31.457031 1570332777.5870
CHLD 0 31.507812 1570332777.5890
CHLD 1 463.691406 1570332777.5890
CHLD 2 243.175781 1570332777.5890
MEM 31.457031 1570332777.6897
CHLD 0 31.507812 1570332777.6917
CHLD 1 464.753906 1570332777.6917
CHLD 2 244.304688 1570332777.6917
MEM 31.457031 1570332777.7926
CHLD 0 31.507812 1570332777.7946
CHLD 1 465.878906 1570332777.7946
CHLD 2 245.410156 1570332777.7946
MEM 31.457031 1570332777.8949
CHLD 0 31.507812 1570332777.8969
CHLD 1 466.941406 1570332777.8969
CHLD 2 246.554688 1570332777.8969
MEM 31.457031 1570332777.9978
CHLD 0 31.507812 1570332777.9998
CHLD 1 468.003906 1570332777.9998
CHLD 2 247.632812 1570332777.9998
MEM 31.457031 1570332778.1007
CHLD 0 31.507812 1570332778.1027
CHLD 1 469.058594 1570332778.1027
CHLD 2 248.742188 1570332778.1027
MEM 31.457031 1570332778.2030
CHLD 0 31.507812 1570332778.2050
CHLD 1 470.128906 1570332778.2050
CHLD 2 249.742188 1570332778.2050
MEM 31.457031 1570332778.3057
CHLD 0 31.507812 1570332778.3077
CHLD 1 471.253906 1570332778.3077
CHLD 2 250.871094 1570332778.3077
MEM 31.457031 1570332778.4085
CHLD 0 31.507812 1570332778.4105
CHLD 1 472.281250 1570332778.4105
CHLD 2 251.992188 1570332778.4105
MEM 31.457031 1570332778.5105
CHLD 0 31.507812 1570332778.5125
CHLD 1 473.378906 1570332778.5135
CHLD 2 253.117188 1570332778.5135
MEM 31.457031 1570332778.6135
CHLD 0 31.507812 1570332778.6155
CHLD 1 474.503906 1570332778.6155
CHLD 2 254.242188 1570332778.6155
MEM 31.457031 1570332778.7162
CHLD 0 31.507812 1570332778.7182
CHLD 1 475.527344 1570332778.7182
CHLD 2 255.367188 1570332778.7182
MEM 31.457031 1570332778.8190
CHLD 0 31.507812 1570332778.8209
CHLD 1 476.628906 1570332778.8209
CHLD 2 256.492188 1570332778.8209
MEM 31.457031 1570332778.9216
CHLD 0 31.507812 1570332778.9236
CHLD 1 477.691406 1570332778.9236
CHLD 2 257.617188 1570332778.9236
MEM 31.457031 1570332779.0297
CHLD 0 31.507812 1570332779.0327
CHLD 1 478.796875 1570332779.0327
CHLD 2 258.742188 1570332779.0327
MEM 31.457031 1570332779.1334
CHLD 0 31.507812 1570332779.1354
CHLD 1 479.878906 1570332779.1354
CHLD 2 259.804688 1570332779.1354
MEM 31.457031 1570332779.2358
CHLD 0 31.507812 1570332779.2378
CHLD 1 481.003906 1570332779.2378
CHLD 2 260.906250 1570332779.2378
MEM 31.457031 1570332779.3385
CHLD 0 31.507812 1570332779.3415
CHLD 1 482.031250 1570332779.3415
CHLD 2 262.054688 1570332779.3415
MEM 31.457031 1570332779.4423
CHLD 0 31.507812 1570332779.4443
CHLD 1 483.128906 1570332779.4443
CHLD 2 263.148438 1570332779.4443
MEM 31.457031 1570332779.5445
CHLD 0 31.507812 1570332779.5465
CHLD 1 484.191406 1570332779.5465
CHLD 2 264.242188 1570332779.5465
MEM 31.457031 1570332779.6473
CHLD 0 31.507812 1570332779.6493
CHLD 1 485.253906 1570332779.6493
CHLD 2 265.304688 1570332779.6493
MEM 31.457031 1570332779.7500
CHLD 0 31.507812 1570332779.7520
CHLD 1 486.128906 1570332779.7520
CHLD 2 266.242188 1570332779.7520
MEM 31.457031 1570332779.8527
CHLD 0 31.507812 1570332779.8547
CHLD 1 487.253906 1570332779.8547
CHLD 2 267.367188 1570332779.8547
MEM 31.457031 1570332779.9553
CHLD 0 31.507812 1570332779.9573
CHLD 1 488.300781 1570332779.9573
CHLD 2 268.492188 1570332779.9573
MEM 31.457031 1570332780.0575
CHLD 0 31.507812 1570332780.0595
CHLD 1 489.378906 1570332780.0595
CHLD 2 269.554688 1570332780.0595
MEM 31.457031 1570332780.1597
CHLD 0 31.507812 1570332780.1617
CHLD 1 490.441406 1570332780.1617
CHLD 2 270.617188 1570332780.1617
MEM 31.457031 1570332780.2627
CHLD 0 31.507812 1570332780.2647
CHLD 1 491.503906 1570332780.2647
CHLD 2 271.742188 1570332780.2647
MEM 31.457031 1570332780.3654
CHLD 0 31.507812 1570332780.3674
CHLD 1 492.628906 1570332780.3674
CHLD 2 272.867188 1570332780.3674
MEM 31.457031 1570332780.4682
CHLD 0 31.507812 1570332780.4701
CHLD 1 493.691406 1570332780.4701
CHLD 2 273.992188 1570332780.4701
MEM 31.457031 1570332780.5709
CHLD 0 31.507812 1570332780.5739
CHLD 1 494.742188 1570332780.5739
CHLD 2 275.117188 1570332780.5739
MEM 31.457031 1570332780.6741
CHLD 0 31.507812 1570332780.6761
CHLD 1 495.808594 1570332780.6761
CHLD 2 276.156250 1570332780.6761
MEM 31.457031 1570332780.7769
CHLD 0 31.507812 1570332780.7789
CHLD 1 496.878906 1570332780.7789
CHLD 2 277.242188 1570332780.7789
MEM 31.457031 1570332780.8796
CHLD 0 31.507812 1570332780.8816
CHLD 1 498.003906 1570332780.8816
CHLD 2 278.367188 1570332780.8816
MEM 31.457031 1570332780.9823
CHLD 0 31.507812 1570332780.9843
CHLD 1 499.027344 1570332780.9843
CHLD 2 279.554688 1570332780.9843
MEM 31.457031 1570332781.0850
CHLD 0 31.507812 1570332781.0870
CHLD 1 500.066406 1570332781.0870
CHLD 2 280.710938 1570332781.0870
MEM 31.457031 1570332781.1873
CHLD 0 31.507812 1570332781.1893
CHLD 1 501.128906 1570332781.1893
CHLD 2 281.773438 1570332781.1893
MEM 31.457031 1570332781.2901
CHLD 0 31.507812 1570332781.2920
CHLD 1 502.191406 1570332781.2920
CHLD 2 282.898438 1570332781.2920
MEM 31.457031 1570332781.3928
CHLD 0 31.507812 1570332781.3948
CHLD 1 503.261719 1570332781.3948
CHLD 2 283.976562 1570332781.3948
MEM 31.457031 1570332781.4955
CHLD 0 31.507812 1570332781.4975
CHLD 1 504.378906 1570332781.4975
CHLD 2 285.148438 1570332781.4975
MEM 31.457031 1570332781.5984
CHLD 0 31.507812 1570332781.6004
CHLD 1 505.441406 1570332781.6004
CHLD 2 286.210938 1570332781.6004
MEM 31.457031 1570332781.7012
CHLD 0 31.507812 1570332781.7031
CHLD 1 506.527344 1570332781.7031
CHLD 2 287.398438 1570332781.7031
MEM 31.457031 1570332781.8039
CHLD 0 31.507812 1570332781.8059
CHLD 1 507.628906 1570332781.8059
CHLD 2 288.484375 1570332781.8059
MEM 31.457031 1570332781.9066
CHLD 0 31.507812 1570332781.9086
CHLD 1 508.691406 1570332781.9086
CHLD 2 289.648438 1570332781.9086
MEM 31.457031 1570332782.0094
CHLD 0 31.507812 1570332782.0124
CHLD 1 509.753906 1570332782.0124
CHLD 2 290.710938 1570332782.0124
MEM 31.457031 1570332782.1131
CHLD 0 31.507812 1570332782.1151
CHLD 1 510.878906 1570332782.1151
CHLD 2 291.835938 1570332782.1151
MEM 31.457031 1570332782.2161
CHLD 0 31.507812 1570332782.2181
CHLD 1 511.941406 1570332782.2181
CHLD 2 292.898438 1570332782.2181
MEM 31.457031 1570332782.3188
CHLD 0 31.507812 1570332782.3208
CHLD 1 513.011719 1570332782.3208
CHLD 2 294.085938 1570332782.3208
MEM 31.457031 1570332782.4210
CHLD 0 31.507812 1570332782.4230
CHLD 1 514.128906 1570332782.4230
CHLD 2 295.148438 1570332782.4230
MEM 31.457031 1570332782.5237
CHLD 0 31.507812 1570332782.5257
CHLD 1 515.191406 1570332782.5257
CHLD 2 296.335938 1570332782.5257
MEM 31.457031 1570332782.6265
CHLD 0 31.507812 1570332782.6285
CHLD 1 516.253906 1570332782.6285
CHLD 2 297.460938 1570332782.6285
MEM 31.457031 1570332782.7286
CHLD 0 31.507812 1570332782.7305
CHLD 1 517.378906 1570332782.7305
CHLD 2 298.515625 1570332782.7305
MEM 31.457031 1570332782.8306
CHLD 0 31.507812 1570332782.8325
CHLD 1 518.441406 1570332782.8325
CHLD 2 299.648438 1570332782.8325
MEM 31.457031 1570332782.9329
CHLD 0 31.507812 1570332782.9349
CHLD 1 519.515625 1570332782.9349
CHLD 2 300.753906 1570332782.9349
MEM 31.457031 1570332783.0353
CHLD 0 31.507812 1570332783.0373
CHLD 1 520.531250 1570332783.0373
CHLD 2 301.835938 1570332783.0373
MEM 31.457031 1570332783.1375
CHLD 0 31.507812 1570332783.1395
CHLD 1 521.628906 1570332783.1395
CHLD 2 302.960938 1570332783.1395
MEM 31.457031 1570332783.2399
CHLD 0 31.507812 1570332783.2418
CHLD 1 522.691406 1570332783.2418
CHLD 2 304.019531 1570332783.2418
MEM 31.457031 1570332783.3424
CHLD 0 31.507812 1570332783.3444
CHLD 1 523.765625 1570332783.3444
CHLD 2 305.210938 1570332783.3444
MEM 31.457031 1570332783.4450
CHLD 0 31.507812 1570332783.4470
CHLD 1 524.878906 1570332783.4470
CHLD 2 306.265625 1570332783.4470
MEM 31.457031 1570332783.5478
CHLD 0 31.507812 1570332783.5498
CHLD 1 526.003906 1570332783.5498
CHLD 2 307.398438 1570332783.5498
MEM 31.457031 1570332783.6505
CHLD 0 31.507812 1570332783.6535
CHLD 1 527.035156 1570332783.6535
CHLD 2 308.496094 1570332783.6535
MEM 31.457031 1570332783.7542
CHLD 0 31.507812 1570332783.7562
CHLD 1 528.128906 1570332783.7562
CHLD 2 309.648438 1570332783.7562
MEM 31.457031 1570332783.8569
CHLD 0 31.507812 1570332783.8589
CHLD 1 529.253906 1570332783.8589
CHLD 2 310.730469 1570332783.8589
MEM 31.457031 1570332783.9598
CHLD 0 31.507812 1570332783.9618
CHLD 1 530.378906 1570332783.9618
CHLD 2 311.835938 1570332783.9618
MEM 31.457031 1570332784.0622
CHLD 0 31.507812 1570332784.0641
CHLD 1 531.378906 1570332784.0641
CHLD 2 312.960938 1570332784.0641
MEM 31.457031 1570332784.1649
CHLD 0 31.507812 1570332784.1669
CHLD 1 532.441406 1570332784.1669
CHLD 2 314.019531 1570332784.1669
MEM 31.457031 1570332784.2686
CHLD 0 31.507812 1570332784.2706
CHLD 1 533.515625 1570332784.2706
CHLD 2 315.148438 1570332784.2706
MEM 31.457031 1570332784.3714
CHLD 0 31.507812 1570332784.3734
CHLD 1 534.628906 1570332784.3734
CHLD 2 316.242188 1570332784.3734
MEM 31.457031 1570332784.4741
CHLD 0 31.507812 1570332784.4761
CHLD 1 535.691406 1570332784.4761
CHLD 2 317.398438 1570332784.4771
MEM 31.457031 1570332784.5775
CHLD 0 31.507812 1570332784.5801
CHLD 1 536.765625 1570332784.5801
CHLD 2 317.835938 1570332784.5801
MEM 31.457031 1570332784.6803
CHLD 0 31.507812 1570332784.6823
CHLD 1 538.066406 1570332784.6823
CHLD 2 318.585938 1570332784.6823
MEM 31.457031 1570332784.7825
CHLD 0 31.507812 1570332784.7844
CHLD 1 539.128906 1570332784.7844
CHLD 2 319.710938 1570332784.7844
MEM 31.457031 1570332784.8849
CHLD 0 31.507812 1570332784.8878
CHLD 1 540.191406 1570332784.8878
CHLD 2 320.765625 1570332784.8878
MEM 31.457031 1570332784.9881
CHLD 0 31.507812 1570332784.9901
CHLD 1 541.316406 1570332784.9901
CHLD 2 321.960938 1570332784.9901
MEM 31.457031 1570332785.0909
CHLD 0 31.507812 1570332785.0929
CHLD 1 542.316406 1570332785.0929
CHLD 2 322.984375 1570332785.0929
MEM 31.457031 1570332785.1936
CHLD 0 31.507812 1570332785.1956
CHLD 1 543.378906 1570332785.1956
CHLD 2 324.085938 1570332785.1956
MEM 31.457031 1570332785.2963
CHLD 0 31.507812 1570332785.2983
CHLD 1 544.445312 1570332785.2983
CHLD 2 325.210938 1570332785.2983
MEM 31.457031 1570332785.3987
CHLD 0 31.507812 1570332785.4007
CHLD 1 545.503906 1570332785.4007
CHLD 2 326.335938 1570332785.4007
MEM 31.457031 1570332785.5015
CHLD 0 31.507812 1570332785.5035
CHLD 1 546.628906 1570332785.5035
CHLD 2 327.460938 1570332785.5035
MEM 31.457031 1570332785.6037
CHLD 0 31.507812 1570332785.6057
CHLD 1 547.691406 1570332785.6057
CHLD 2 328.511719 1570332785.6057
MEM 31.457031 1570332785.7065
CHLD 0 31.507812 1570332785.7085
CHLD 1 548.734375 1570332785.7085
CHLD 2 329.648438 1570332785.7085
MEM 31.457031 1570332785.8088
CHLD 0 31.507812 1570332785.8108
CHLD 1 549.816406 1570332785.8108
CHLD 2 330.750000 1570332785.8108
MEM 31.457031 1570332785.9116
CHLD 0 31.507812 1570332785.9136
CHLD 1 550.890625 1570332785.9136
CHLD 2 331.898438 1570332785.9136
MEM 31.457031 1570332786.0138
CHLD 0 31.507812 1570332786.0168
CHLD 1 551.949219 1570332786.0168
CHLD 2 332.968750 1570332786.0168
MEM 31.457031 1570332786.1175
CHLD 0 31.507812 1570332786.1195
CHLD 1 553.066406 1570332786.1195
CHLD 2 334.148438 1570332786.1195
MEM 31.457031 1570332786.2202
CHLD 0 31.507812 1570332786.2222
CHLD 1 553.246094 1570332786.2232
CHLD 2 335.210938 1570332786.2232
MEM 31.457031 1570332786.3235
CHLD 0 31.507812 1570332786.3265
CHLD 1 553.246094 1570332786.3265
CHLD 2 336.335938 1570332786.3265
MEM 31.457031 1570332786.4272
CHLD 0 31.507812 1570332786.4292
CHLD 1 554.316406 1570332786.4292
CHLD 2 337.460938 1570332786.4292
MEM 31.457031 1570332786.5299
CHLD 0 31.507812 1570332786.5329
CHLD 1 555.378906 1570332786.5329
CHLD 2 338.585938 1570332786.5329
MEM 31.457031 1570332786.6336
CHLD 0 31.507812 1570332786.6356
CHLD 1 556.441406 1570332786.6356
CHLD 2 339.710938 1570332786.6356
MEM 31.457031 1570332786.7364
CHLD 0 31.507812 1570332786.7384
CHLD 1 557.480469 1570332786.7384
CHLD 2 340.753906 1570332786.7384
MEM 31.457031 1570332786.8391
CHLD 0 31.507812 1570332786.8411
CHLD 1 558.566406 1570332786.8411
CHLD 2 341.898438 1570332786.8411
MEM 31.457031 1570332786.9418
CHLD 0 31.507812 1570332786.9438
CHLD 1 559.628906 1570332786.9438
CHLD 2 343.074219 1570332786.9438
MEM 31.457031 1570332787.0440
CHLD 0 31.507812 1570332787.0460
CHLD 1 560.691406 1570332787.0460
CHLD 2 344.191406 1570332787.0460
MEM 31.457031 1570332787.1463
CHLD 0 31.507812 1570332787.1486
CHLD 1 561.703125 1570332787.1486
CHLD 2 345.253906 1570332787.1486
MEM 31.457031 1570332787.2493
CHLD 0 31.507812 1570332787.2513
CHLD 1 562.753906 1570332787.2513
CHLD 2 346.316406 1570332787.2513
MEM 31.457031 1570332787.3521
CHLD 0 31.507812 1570332787.3541
CHLD 1 563.816406 1570332787.3541
CHLD 2 347.441406 1570332787.3541
MEM 31.457031 1570332787.4549
CHLD 0 31.507812 1570332787.4579
CHLD 1 564.878906 1570332787.4579
CHLD 2 348.566406 1570332787.4579
MEM 31.457031 1570332787.5583
CHLD 0 31.507812 1570332787.5603
CHLD 1 565.949219 1570332787.5603
CHLD 2 349.601562 1570332787.5603
MEM 31.457031 1570332787.6610
CHLD 0 31.507812 1570332787.6630
CHLD 1 567.003906 1570332787.6630
CHLD 2 350.691406 1570332787.6630
MEM 31.457031 1570332787.7637
CHLD 0 31.507812 1570332787.7657
CHLD 1 568.066406 1570332787.7657
CHLD 2 351.816406 1570332787.7657
MEM 31.457031 1570332787.8666
CHLD 0 31.507812 1570332787.8686
CHLD 1 569.128906 1570332787.8686
CHLD 2 352.941406 1570332787.8686
MEM 31.457031 1570332787.9693
CHLD 0 31.507812 1570332787.9723
CHLD 1 570.128906 1570332787.9723
CHLD 2 353.941406 1570332787.9723
MEM 31.457031 1570332788.0725
CHLD 0 31.507812 1570332788.0745
CHLD 1 571.128906 1570332788.0745
CHLD 2 354.941406 1570332788.0745
MEM 31.457031 1570332788.1749
CHLD 0 31.507812 1570332788.1768
CHLD 1 572.191406 1570332788.1768
CHLD 2 356.066406 1570332788.1768
MEM 31.457031 1570332788.2776
CHLD 0 31.507812 1570332788.2796
CHLD 1 573.191406 1570332788.2796
CHLD 2 357.089844 1570332788.2796
MEM 31.457031 1570332788.3799
CHLD 0 31.507812 1570332788.3829
CHLD 1 574.238281 1570332788.3829
CHLD 2 358.191406 1570332788.3829
MEM 31.457031 1570332788.4836
CHLD 0 31.507812 1570332788.4856
CHLD 1 575.316406 1570332788.4856
CHLD 2 359.316406 1570332788.4856
MEM 31.457031 1570332788.5863
CHLD 0 31.507812 1570332788.5883
CHLD 1 576.316406 1570332788.5893
CHLD 2 360.441406 1570332788.5893
MEM 31.457031 1570332788.6901
CHLD 0 31.507812 1570332788.6921
CHLD 1 577.378906 1570332788.6921
CHLD 2 361.503906 1570332788.6921
MEM 31.457031 1570332788.7928
CHLD 0 31.507812 1570332788.7953
CHLD 1 578.378906 1570332788.7953
CHLD 2 362.566406 1570332788.7953
MEM 31.457031 1570332788.8961
CHLD 0 31.507812 1570332788.8990
CHLD 1 579.441406 1570332788.8990
CHLD 2 363.593750 1570332788.8990
MEM 31.457031 1570332788.9998
CHLD 0 31.507812 1570332789.0027
CHLD 1 580.191406 1570332789.0027
CHLD 2 364.441406 1570332789.0027
MEM 31.457031 1570332789.1035
CHLD 0 31.507812 1570332789.1065
CHLD 1 581.218750 1570332789.1065
CHLD 2 365.503906 1570332789.1065
MEM 31.457031 1570332789.2072
CHLD 0 31.507812 1570332789.2112
CHLD 1 582.195312 1570332789.2112
CHLD 2 366.503906 1570332789.2112
MEM 31.457031 1570332789.3119
CHLD 0 31.507812 1570332789.3139
CHLD 1 583.226562 1570332789.3139
CHLD 2 367.566406 1570332789.3139
MEM 31.457031 1570332789.4147
CHLD 0 31.507812 1570332789.4166
CHLD 1 584.238281 1570332789.4166
CHLD 2 368.605469 1570332789.4166
MEM 31.457031 1570332789.5184
CHLD 0 31.507812 1570332789.5253
CHLD 1 585.066406 1570332789.5253
CHLD 2 369.441406 1570332789.5253
MEM 31.457031 1570332789.6261
CHLD 0 31.507812 1570332789.6291
CHLD 1 585.628906 1570332789.6291
CHLD 2 370.093750 1570332789.6291
MEM 31.457031 1570332789.7293
CHLD 0 31.507812 1570332789.7323
CHLD 1 586.316406 1570332789.7323
CHLD 2 370.839844 1570332789.7323
MEM 31.457031 1570332789.8330
CHLD 0 31.507812 1570332789.8390
CHLD 1 587.000000 1570332789.8390
CHLD 2 371.566406 1570332789.8390
MEM 31.457031 1570332789.9393
CHLD 0 31.507812 1570332789.9442
CHLD 1 587.816406 1570332789.9442
CHLD 2 372.316406 1570332789.9442
MEM 31.457031 1570332790.0445
CHLD 0 31.507812 1570332790.0510
CHLD 1 588.441406 1570332790.0510
CHLD 2 373.003906 1570332790.0510
MEM 31.457031 1570332790.1512
CHLD 0 31.507812 1570332790.1542
CHLD 1 589.441406 1570332790.1542
CHLD 2 374.003906 1570332790.1542
MEM 31.457031 1570332790.2549
CHLD 0 31.507812 1570332790.2579
CHLD 1 590.441406 1570332790.2579
CHLD 2 375.066406 1570332790.2579
MEM 31.457031 1570332790.3587
CHLD 0 31.507812 1570332790.3607
CHLD 1 591.441406 1570332790.3607
CHLD 2 376.066406 1570332790.3607
MEM 31.457031 1570332790.4614
CHLD 0 31.507812 1570332790.4634
CHLD 1 592.441406 1570332790.4634
CHLD 2 377.093750 1570332790.4634
MEM 31.457031 1570332790.5641
CHLD 0 31.507812 1570332790.5661
CHLD 1 593.468750 1570332790.5661
CHLD 2 378.191406 1570332790.5661
MEM 31.457031 1570332790.6669
CHLD 0 31.507812 1570332790.6688
CHLD 1 594.820312 1570332790.6699
CHLD 2 379.316406 1570332790.6699
MEM 31.457031 1570332790.7701
CHLD 0 31.507812 1570332790.7731
CHLD 1 595.882812 1570332790.7731
CHLD 2 380.343750 1570332790.7731
MEM 31.457031 1570332790.8739
CHLD 0 31.507812 1570332790.8769
CHLD 1 596.945312 1570332790.8769
CHLD 2 381.503906 1570332790.8769
MEM 31.457031 1570332790.9776
CHLD 0 31.507812 1570332790.9796
CHLD 1 597.980469 1570332790.9796
CHLD 2 382.566406 1570332790.9796
MEM 31.457031 1570332791.0803
CHLD 0 31.507812 1570332791.0823
CHLD 1 599.070312 1570332791.0823
CHLD 2 383.605469 1570332791.0823
MEM 31.457031 1570332791.1830
CHLD 0 31.507812 1570332791.1850
CHLD 1 600.132812 1570332791.1850
CHLD 2 384.753906 1570332791.1850
MEM 31.457031 1570332791.2859
CHLD 0 31.507812 1570332791.2879
CHLD 1 601.144531 1570332791.2889
CHLD 2 385.816406 1570332791.2889
MEM 31.457031 1570332791.3896
CHLD 0 31.507812 1570332791.3917
CHLD 1 602.207031 1570332791.3917
CHLD 2 386.941406 1570332791.3917
MEM 31.457031 1570332791.4934
CHLD 0 31.507812 1570332791.4954
CHLD 1 603.320312 1570332791.4954
CHLD 2 388.066406 1570332791.4954
MEM 31.457031 1570332791.5961
CHLD 0 31.507812 1570332791.5991
CHLD 1 604.382812 1570332791.5991
CHLD 2 389.085938 1570332791.5991
MEM 31.457031 1570332791.6999
CHLD 0 31.507812 1570332791.7019
CHLD 1 605.445312 1570332791.7019
CHLD 2 390.191406 1570332791.7019
MEM 31.457031 1570332791.8022
CHLD 0 31.507812 1570332791.8052
CHLD 1 606.453125 1570332791.8052
CHLD 2 391.316406 1570332791.8052
MEM 31.457031 1570332791.9059
CHLD 0 31.507812 1570332791.9079
CHLD 1 607.445312 1570332791.9089
CHLD 2 392.253906 1570332791.9089
MEM 31.457031 1570332792.0097
CHLD 0 31.507812 1570332792.0136
CHLD 1 608.445312 1570332792.0136
CHLD 2 393.316406 1570332792.0136
MEM 31.457031 1570332792.1144
CHLD 0 31.507812 1570332792.1174
CHLD 1 609.449219 1570332792.1174
CHLD 2 394.316406 1570332792.1174
MEM 31.457031 1570332792.2181
CHLD 0 31.507812 1570332792.2201
CHLD 1 610.445312 1570332792.2201
CHLD 2 395.351562 1570332792.2201
MEM 31.457031 1570332792.3208
CHLD 0 31.507812 1570332792.3238
CHLD 1 611.496094 1570332792.3238
CHLD 2 396.441406 1570332792.3238
MEM 31.457031 1570332792.4245
CHLD 0 31.507812 1570332792.4275
CHLD 1 612.496094 1570332792.4275
CHLD 2 397.503906 1570332792.4275
MEM 31.457031 1570332792.5283
CHLD 0 31.507812 1570332792.5303
CHLD 1 613.570312 1570332792.5303
CHLD 2 398.503906 1570332792.5303
MEM 31.457031 1570332792.6310
CHLD 0 31.507812 1570332792.6330
CHLD 1 614.570312 1570332792.6330
CHLD 2 399.578125 1570332792.6330
MEM 31.457031 1570332792.7337
CHLD 0 31.507812 1570332792.7367
CHLD 1 615.632812 1570332792.7367
CHLD 2 400.628906 1570332792.7367
MEM 31.457031 1570332792.8370
CHLD 0 31.507812 1570332792.8399
CHLD 1 616.460938 1570332792.8399
CHLD 2 401.566406 1570332792.8399
MEM 31.457031 1570332792.9407
CHLD 0 31.507812 1570332792.9437
CHLD 1 617.445312 1570332792.9437
CHLD 2 402.503906 1570332792.9437
MEM 31.457031 1570332793.0444
CHLD 0 31.507812 1570332793.0484
CHLD 1 618.664062 1570332793.0484
CHLD 2 403.503906 1570332793.0484
MEM 31.457031 1570332793.1501
CHLD 0 31.507812 1570332793.1561
CHLD 1 619.472656 1570332793.1561
CHLD 2 404.441406 1570332793.1561
MEM 31.457031 1570332793.2568
CHLD 0 31.507812 1570332793.2598
CHLD 1 620.476562 1570332793.2598
CHLD 2 405.367188 1570332793.2598
MEM 31.457031 1570332793.3601
CHLD 0 31.507812 1570332793.3631
CHLD 1 621.488281 1570332793.3631
CHLD 2 406.441406 1570332793.3631
MEM 31.457031 1570332793.4634
CHLD 0 31.507812 1570332793.4658
CHLD 1 622.496094 1570332793.4658
CHLD 2 407.503906 1570332793.4658
MEM 31.457031 1570332793.5668
CHLD 0 31.507812 1570332793.5688
CHLD 1 623.789062 1570332793.5688
CHLD 2 408.566406 1570332793.5688
MEM 31.457031 1570332793.6708
CHLD 0 31.507812 1570332793.6728
CHLD 1 624.789062 1570332793.6728
CHLD 2 409.574219 1570332793.6728
MEM 31.457031 1570332793.7735
CHLD 0 31.507812 1570332793.7775
CHLD 1 625.761719 1570332793.7775
CHLD 2 410.570312 1570332793.7775
MEM 31.457031 1570332793.8782
CHLD 0 31.507812 1570332793.8812
CHLD 1 626.785156 1570332793.8812
CHLD 2 411.617188 1570332793.8812
MEM 31.457031 1570332793.9819
CHLD 0 31.507812 1570332793.9839
CHLD 1 627.792969 1570332793.9839
CHLD 2 412.691406 1570332793.9849
MEM 31.457031 1570332794.0857
CHLD 0 31.507812 1570332794.0877
CHLD 1 628.855469 1570332794.0877
CHLD 2 413.753906 1570332794.0877
MEM 31.457031 1570332794.1884
CHLD 0 31.507812 1570332794.1903
CHLD 1 629.917969 1570332794.1903
CHLD 2 414.824219 1570332794.1903
MEM 31.457031 1570332794.2911
CHLD 0 31.507812 1570332794.2941
CHLD 1 630.917969 1570332794.2941
CHLD 2 415.867188 1570332794.2941
MEM 31.457031 1570332794.3948
CHLD 0 31.507812 1570332794.3978
CHLD 1 631.917969 1570332794.3978
CHLD 2 416.941406 1570332794.3978
MEM 31.457031 1570332794.4985
CHLD 0 31.507812 1570332794.5005
CHLD 1 632.917969 1570332794.5005
CHLD 2 418.003906 1570332794.5005
MEM 31.457031 1570332794.6013
CHLD 0 31.507812 1570332794.6032
CHLD 1 633.980469 1570332794.6032
CHLD 2 419.066406 1570332794.6032
MEM 31.457031 1570332794.7040
CHLD 0 31.507812 1570332794.7070
CHLD 1 635.007812 1570332794.7070
CHLD 2 420.003906 1570332794.7070
MEM 31.457031 1570332794.8078
CHLD 0 31.507812 1570332794.8108
CHLD 1 636.105469 1570332794.8108
CHLD 2 420.003906 1570332794.8108
MEM 31.457031 1570332794.9116
CHLD 0 31.507812 1570332794.9136
CHLD 1 637.167969 1570332794.9136
CHLD 2 420.941406 1570332794.9136
MEM 31.457031 1570332795.0145
CHLD 0 31.507812 1570332795.0165
CHLD 1 638.230469 1570332795.0165
CHLD 2 422.003906 1570332795.0175
MEM 31.457031 1570332795.1182
CHLD 0 31.507812 1570332795.1212
CHLD 1 639.265625 1570332795.1212
CHLD 2 423.085938 1570332795.1212
MEM 31.457031 1570332795.2219
CHLD 0 31.507812 1570332795.2239
CHLD 1 640.355469 1570332795.2239
CHLD 2 424.191406 1570332795.2239
MEM 31.457031 1570332795.3244
CHLD 0 31.507812 1570332795.3264
CHLD 1 641.417969 1570332795.3264
CHLD 2 425.316406 1570332795.3264
MEM 31.457031 1570332795.4268
CHLD 0 31.507812 1570332795.4288
CHLD 1 642.480469 1570332795.4288
CHLD 2 426.355469 1570332795.4288
MEM 31.457031 1570332795.5296
CHLD 0 31.507812 1570332795.5326
CHLD 1 643.492188 1570332795.5326
CHLD 2 427.503906 1570332795.5326
MEM 31.457031 1570332795.6328
CHLD 0 31.507812 1570332795.6348
CHLD 1 644.542969 1570332795.6348
CHLD 2 428.566406 1570332795.6358
MEM 31.457031 1570332795.7360
CHLD 0 31.507812 1570332795.7380
CHLD 1 645.667969 1570332795.7380
CHLD 2 429.691406 1570332795.7380
MEM 31.457031 1570332795.8388
CHLD 0 31.507812 1570332795.8418
CHLD 1 646.730469 1570332795.8418
CHLD 2 430.816406 1570332795.8418
MEM 31.457031 1570332795.9425
CHLD 0 31.507812 1570332795.9455
CHLD 1 647.761719 1570332795.9455
CHLD 2 431.839844 1570332795.9455
MEM 31.457031 1570332796.0462
CHLD 0 31.507812 1570332796.0492
CHLD 1 648.855469 1570332796.0492
CHLD 2 432.941406 1570332796.0492
MEM 31.457031 1570332796.1499
CHLD 0 31.507812 1570332796.1529
CHLD 1 649.917969 1570332796.1529
CHLD 2 434.066406 1570332796.1529
MEM 31.457031 1570332796.2537
CHLD 0 31.507812 1570332796.2556
CHLD 1 650.980469 1570332796.2556
CHLD 2 435.117188 1570332796.2556
MEM 31.457031 1570332796.3564
CHLD 0 31.507812 1570332796.3584
CHLD 1 651.980469 1570332796.3584
CHLD 2 436.253906 1570332796.3584
MEM 31.457031 1570332796.4591
CHLD 0 31.507812 1570332796.4611
CHLD 1 653.105469 1570332796.4611
CHLD 2 437.316406 1570332796.4611
MEM 31.457031 1570332796.5619
CHLD 0 31.507812 1570332796.5649
CHLD 1 654.167969 1570332796.5649
CHLD 2 438.441406 1570332796.5649
MEM 31.457031 1570332796.6658
CHLD 0 31.507812 1570332796.6678
CHLD 1 655.230469 1570332796.6678
CHLD 2 439.566406 1570332796.6678
MEM 31.457031 1570332796.7682
CHLD 0 31.507812 1570332796.7701
CHLD 1 656.230469 1570332796.7711
CHLD 2 440.691406 1570332796.7711
MEM 31.457031 1570332796.8719
CHLD 0 31.507812 1570332796.8739
CHLD 1 657.355469 1570332796.8739
CHLD 2 441.753906 1570332796.8749
MEM 31.457031 1570332796.9756
CHLD 0 31.507812 1570332796.9776
CHLD 1 658.417969 1570332796.9776
CHLD 2 442.863281 1570332796.9776
MEM 31.406250 1570332797.0780
CHLD 0 31.507812 1570332797.0800
CHLD 1 659.480469 1570332797.0800
CHLD 2 443.941406 1570332797.0800
MEM 31.406250 1570332797.1808
CHLD 0 31.507812 1570332797.1828
CHLD 1 660.496094 1570332797.1828
CHLD 2 445.066406 1570332797.1828
MEM 31.406250 1570332797.2835
CHLD 0 31.507812 1570332797.2865
CHLD 1 661.605469 1570332797.2865
CHLD 2 446.191406 1570332797.2865
MEM 30.640625 1570332797.3874
