CMDLINE c:\users\ty\appdata\local\programs\python\python37\python.exe chompyDriver.py
MEM 0.441406 1570339691.5512
MEM 18.070312 1570339691.6559
MEM 31.425781 1570339691.7587
CHLD 0 6.558594 1570339691.7626
CHLD 1 4.960938 1570339691.7626
CHLD 2 3.804688 1570339691.7626
CHLD 3 1.214844 1570339691.7626
CHLD 4 0.074219 1570339691.7626
MEM 31.457031 1570339691.8644
CHLD 0 14.386719 1570339691.8674
CHLD 1 13.507812 1570339691.8674
CHLD 2 13.531250 1570339691.8674
CHLD 3 13.003906 1570339691.8674
CHLD 4 14.726562 1570339691.8674
CHLD 5 13.046875 1570339691.8674
CHLD 6 13.328125 1570339691.8674
CHLD 7 12.214844 1570339691.8674
CHLD 8 12.195312 1570339691.8674
MEM 31.457031 1570339691.9691
CHLD 0 19.644531 1570339691.9721
CHLD 1 20.839844 1570339691.9721
CHLD 2 19.402344 1570339691.9721
CHLD 3 18.285156 1570339691.9721
CHLD 4 19.417969 1570339691.9721
CHLD 5 19.457031 1570339691.9721
CHLD 6 18.296875 1570339691.9721
CHLD 7 18.597656 1570339691.9721
CHLD 8 16.855469 1570339691.9721
MEM 31.457031 1570339692.0738
CHLD 0 27.773438 1570339692.0778
CHLD 1 28.027344 1570339692.0778
CHLD 2 28.023438 1570339692.0778
CHLD 3 27.417969 1570339692.0778
CHLD 4 27.957031 1570339692.0778
CHLD 5 27.617188 1570339692.0778
CHLD 6 27.132812 1570339692.0778
CHLD 7 27.320312 1570339692.0778
CHLD 8 26.011719 1570339692.0778
MEM 31.457031 1570339692.1780
CHLD 0 31.585938 1570339692.1810
CHLD 1 47.507812 1570339692.1810
CHLD 2 43.972656 1570339692.1810
CHLD 3 183.906250 1570339692.1810
CHLD 4 107.898438 1570339692.1810
CHLD 5 31.546875 1570339692.1810
CHLD 6 31.574219 1570339692.1810
CHLD 7 31.429688 1570339692.1810
CHLD 8 29.164062 1570339692.1810
MEM 31.457031 1570339692.2820
CHLD 0 31.585938 1570339692.2849
CHLD 1 75.109375 1570339692.2849
CHLD 2 45.066406 1570339692.2849
CHLD 3 231.519531 1570339692.2849
CHLD 4 168.476562 1570339692.2849
CHLD 5 31.546875 1570339692.2849
CHLD 6 31.574219 1570339692.2849
CHLD 7 31.429688 1570339692.2849
CHLD 8 43.121094 1570339692.2849
MEM 31.457031 1570339692.3857
CHLD 0 31.585938 1570339692.3887
CHLD 1 95.265625 1570339692.3887
CHLD 2 46.015625 1570339692.3887
CHLD 3 300.371094 1570339692.3887
CHLD 4 121.445312 1570339692.3887
CHLD 5 31.546875 1570339692.3887
CHLD 6 31.574219 1570339692.3887
CHLD 7 31.429688 1570339692.3887
CHLD 8 44.195312 1570339692.3887
MEM 31.457031 1570339692.4894
CHLD 0 31.585938 1570339692.4934
CHLD 1 113.769531 1570339692.4934
CHLD 2 46.902344 1570339692.4934
CHLD 3 188.101562 1570339692.4934
CHLD 4 141.281250 1570339692.4934
CHLD 5 31.546875 1570339692.4934
CHLD 6 31.574219 1570339692.4934
CHLD 7 31.429688 1570339692.4934
CHLD 8 45.144531 1570339692.4934
MEM 31.457031 1570339692.5941
CHLD 0 31.585938 1570339692.5971
CHLD 1 117.855469 1570339692.5971
CHLD 2 47.789062 1570339692.5971
CHLD 3 210.769531 1570339692.5971
CHLD 4 157.156250 1570339692.5971
CHLD 5 31.546875 1570339692.5971
CHLD 6 31.574219 1570339692.5971
CHLD 7 31.429688 1570339692.5971
CHLD 8 46.285156 1570339692.5971
MEM 31.457031 1570339692.6978
CHLD 0 31.585938 1570339692.7008
CHLD 1 118.855469 1570339692.7008
CHLD 2 48.687500 1570339692.7008
CHLD 3 227.058594 1570339692.7008
CHLD 4 177.867188 1570339692.7008
CHLD 5 31.546875 1570339692.7008
CHLD 6 31.574219 1570339692.7008
CHLD 7 31.429688 1570339692.7008
CHLD 8 47.234375 1570339692.7008
MEM 31.457031 1570339692.8016
CHLD 0 31.585938 1570339692.8046
CHLD 1 119.792969 1570339692.8046
CHLD 2 49.656250 1570339692.8046
CHLD 3 245.453125 1570339692.8046
CHLD 4 194.042969 1570339692.8046
CHLD 5 31.546875 1570339692.8046
CHLD 6 31.574219 1570339692.8046
CHLD 7 31.429688 1570339692.8046
CHLD 8 48.148438 1570339692.8046
MEM 31.457031 1570339692.9053
CHLD 0 31.585938 1570339692.9083
CHLD 1 120.726562 1570339692.9083
CHLD 2 50.859375 1570339692.9083
CHLD 3 262.835938 1570339692.9083
CHLD 4 211.789062 1570339692.9083
CHLD 5 31.546875 1570339692.9083
CHLD 6 31.574219 1570339692.9083
CHLD 7 31.429688 1570339692.9083
CHLD 8 49.101562 1570339692.9083
MEM 31.457031 1570339693.0090
CHLD 0 31.585938 1570339693.0120
CHLD 1 121.695312 1570339693.0120
CHLD 2 51.746094 1570339693.0120
CHLD 3 277.968750 1570339693.0120
CHLD 4 238.816406 1570339693.0120
CHLD 5 31.546875 1570339693.0120
CHLD 6 31.574219 1570339693.0120
CHLD 7 31.429688 1570339693.0120
CHLD 8 50.304688 1570339693.0120
MEM 31.457031 1570339693.1127
CHLD 0 31.585938 1570339693.1157
CHLD 1 122.667969 1570339693.1157
CHLD 2 52.695312 1570339693.1157
CHLD 3 298.222656 1570339693.1157
CHLD 4 250.890625 1570339693.1157
CHLD 5 31.546875 1570339693.1157
CHLD 6 31.574219 1570339693.1157
CHLD 7 31.429688 1570339693.1157
CHLD 8 51.183594 1570339693.1157
MEM 31.457031 1570339693.2284
CHLD 0 31.585938 1570339693.2384
CHLD 1 123.667969 1570339693.2384
CHLD 2 53.574219 1570339693.2384
CHLD 3 322.750000 1570339693.2384
CHLD 4 278.281250 1570339693.2384
CHLD 5 31.554688 1570339693.2384
CHLD 6 41.765625 1570339693.2384
CHLD 7 31.437500 1570339693.2384
CHLD 8 52.394531 1570339693.2384
MEM 31.457031 1570339693.3481
CHLD 0 31.585938 1570339693.3511
CHLD 1 124.542969 1570339693.3511
CHLD 2 54.792969 1570339693.3521
CHLD 3 329.503906 1570339693.3521
CHLD 4 291.992188 1570339693.3521
CHLD 5 31.554688 1570339693.3521
CHLD 6 44.230469 1570339693.3521
CHLD 7 31.437500 1570339693.3521
CHLD 8 53.289062 1570339693.3521
MEM 31.457031 1570339693.4857
CHLD 0 31.585938 1570339693.4887
CHLD 1 125.437500 1570339693.4887
CHLD 2 55.996094 1570339693.4887
CHLD 3 366.269531 1570339693.4887
CHLD 4 323.210938 1570339693.4887
CHLD 5 31.554688 1570339693.4887
CHLD 6 45.425781 1570339693.4887
CHLD 7 31.437500 1570339693.4887
CHLD 8 54.554688 1570339693.4887
MEM 31.457031 1570339693.5905
CHLD 0 31.585938 1570339693.5935
CHLD 1 126.167969 1570339693.5935
CHLD 2 56.625000 1570339693.5935
CHLD 3 366.269531 1570339693.5935
CHLD 4 329.636719 1570339693.5935
CHLD 5 31.554688 1570339693.5935
CHLD 6 46.636719 1570339693.5935
CHLD 7 31.437500 1570339693.5935
CHLD 8 55.500000 1570339693.5935
MEM 31.457031 1570339693.7261
CHLD 0 31.585938 1570339693.7291
CHLD 1 127.355469 1570339693.7291
CHLD 2 57.847656 1570339693.7291
CHLD 3 403.523438 1570339693.7291
CHLD 4 366.527344 1570339693.7291
CHLD 5 31.554688 1570339693.7291
CHLD 6 47.839844 1570339693.7291
CHLD 7 31.437500 1570339693.7291
CHLD 8 57.019531 1570339693.7291
MEM 31.457031 1570339693.8308
CHLD 0 31.585938 1570339693.8348
CHLD 1 128.292969 1570339693.8348
CHLD 2 58.789062 1570339693.8348
CHLD 3 413.289062 1570339693.8348
CHLD 4 381.929688 1570339693.8348
CHLD 5 31.554688 1570339693.8348
CHLD 6 48.714844 1570339693.8348
CHLD 7 31.437500 1570339693.8348
CHLD 8 57.968750 1570339693.8348
MEM 31.457031 1570339693.9690
CHLD 0 31.585938 1570339693.9720
CHLD 1 129.468750 1570339693.9720
CHLD 2 59.992188 1570339693.9720
CHLD 3 429.773438 1570339693.9720
CHLD 4 400.691406 1570339693.9720
CHLD 5 31.554688 1570339693.9720
CHLD 6 49.675781 1570339693.9720
CHLD 7 31.437500 1570339693.9720
CHLD 8 59.171875 1570339693.9720
MEM 31.457031 1570339694.1051
CHLD 0 31.585938 1570339694.1081
CHLD 1 130.675781 1570339694.1081
CHLD 2 61.191406 1570339694.1081
CHLD 3 466.917969 1570339694.1081
CHLD 4 437.410156 1570339694.1081
CHLD 5 31.554688 1570339694.1081
CHLD 6 50.878906 1570339694.1081
CHLD 7 31.437500 1570339694.1081
CHLD 8 60.437500 1570339694.1081
MEM 31.457031 1570339694.2477
CHLD 0 31.585938 1570339694.2507
CHLD 1 131.855469 1570339694.2507
CHLD 2 62.410156 1570339694.2507
CHLD 3 471.316406 1570339694.2507
CHLD 4 451.308594 1570339694.2507
CHLD 5 31.554688 1570339694.2507
CHLD 6 52.398438 1570339694.2507
CHLD 7 31.437500 1570339694.2507
CHLD 8 61.605469 1570339694.2507
MEM 31.457031 1570339694.3539
CHLD 0 31.585938 1570339694.3569
CHLD 1 132.730469 1570339694.3569
CHLD 2 63.347656 1570339694.3569
CHLD 3 478.386719 1570339694.3569
CHLD 4 454.886719 1570339694.3569
CHLD 5 31.554688 1570339694.3569
CHLD 6 53.304688 1570339694.3569
CHLD 7 31.437500 1570339694.3569
CHLD 8 62.589844 1570339694.3569
MEM 31.457031 1570339694.4841
CHLD 0 31.585938 1570339694.4871
CHLD 1 133.917969 1570339694.4871
CHLD 2 64.550781 1570339694.4871
CHLD 3 516.902344 1570339694.4871
CHLD 4 490.722656 1570339694.4871
CHLD 5 31.554688 1570339694.4871
CHLD 6 54.511719 1570339694.4871
CHLD 7 31.437500 1570339694.4871
CHLD 8 63.792969 1570339694.4871
MEM 31.457031 1570339694.5888
CHLD 0 31.585938 1570339694.5918
CHLD 1 134.855469 1570339694.5918
CHLD 2 65.441406 1570339694.5918
CHLD 3 546.609375 1570339694.5918
CHLD 4 427.078125 1570339694.5918
CHLD 5 31.554688 1570339694.5918
CHLD 6 55.433594 1570339694.5918
CHLD 7 31.437500 1570339694.5918
CHLD 8 64.996094 1570339694.5918
MEM 31.457031 1570339694.7240
CHLD 0 31.585938 1570339694.7270
CHLD 1 135.718750 1570339694.7270
CHLD 2 66.386719 1570339694.7270
CHLD 3 546.671875 1570339694.7270
CHLD 4 428.332031 1570339694.7270
CHLD 5 31.554688 1570339694.7270
CHLD 6 56.488281 1570339694.7270
CHLD 7 61.367188 1570339694.7270
CHLD 8 66.164062 1570339694.7270
MEM 31.457031 1570339694.8357
CHLD 0 31.585938 1570339694.8387
CHLD 1 136.355469 1570339694.8387
CHLD 2 66.984375 1570339694.8387
CHLD 3 559.425781 1570339694.8387
CHLD 4 429.371094 1570339694.8387
CHLD 5 31.554688 1570339694.8387
CHLD 6 57.375000 1570339694.8387
CHLD 7 75.875000 1570339694.8387
CHLD 8 67.148438 1570339694.8387
MEM 31.457031 1570339694.9723
CHLD 0 31.585938 1570339694.9753
CHLD 1 137.199219 1570339694.9753
CHLD 2 67.906250 1570339694.9753
CHLD 3 597.570312 1570339694.9753
CHLD 4 430.703125 1570339694.9753
CHLD 5 31.554688 1570339694.9753
CHLD 6 58.261719 1570339694.9753
CHLD 7 96.859375 1570339694.9753
CHLD 8 68.605469 1570339694.9753
MEM 31.457031 1570339695.1090
CHLD 0 31.585938 1570339695.1120
CHLD 1 138.039062 1570339695.1120
CHLD 2 68.531250 1570339695.1120
CHLD 3 621.144531 1570339695.1120
CHLD 4 431.953125 1570339695.1120
CHLD 5 116.398438 1570339695.1120
CHLD 6 59.449219 1570339695.1120
CHLD 7 112.609375 1570339695.1120
CHLD 8 69.871094 1570339695.1120
MEM 31.457031 1570339695.2526
CHLD 0 31.585938 1570339695.2566
CHLD 1 138.601562 1570339695.2566
CHLD 2 69.171875 1570339695.2566
CHLD 3 637.210938 1570339695.2566
CHLD 4 432.636719 1570339695.2566
CHLD 5 96.597656 1570339695.2566
CHLD 6 60.414062 1570339695.2566
CHLD 7 109.859375 1570339695.2566
CHLD 8 70.722656 1570339695.2566
MEM 31.457031 1570339695.3873
CHLD 0 31.585938 1570339695.3903
CHLD 1 139.226562 1570339695.3903
CHLD 2 69.742188 1570339695.3903
CHLD 3 637.210938 1570339695.3903
CHLD 4 433.078125 1570339695.3903
CHLD 5 123.316406 1570339695.3903
CHLD 6 61.695312 1570339695.3903
CHLD 7 110.867188 1570339695.3903
CHLD 8 71.398438 1570339695.3903
MEM 31.457031 1570339695.5107
CHLD 0 31.585938 1570339695.5137
CHLD 1 139.707031 1570339695.5137
CHLD 2 70.375000 1570339695.5137
CHLD 3 637.210938 1570339695.5137
CHLD 4 433.890625 1570339695.5137
CHLD 5 144.890625 1570339695.5137
CHLD 6 62.898438 1570339695.5137
CHLD 7 111.984375 1570339695.5147
CHLD 8 71.953125 1570339695.5147
MEM 31.457031 1570339695.6475
CHLD 0 31.585938 1570339695.6504
CHLD 1 140.414062 1570339695.6504
CHLD 2 71.007812 1570339695.6504
CHLD 3 653.972656 1570339695.6504
CHLD 4 434.640625 1570339695.6504
CHLD 5 167.640625 1570339695.6504
CHLD 6 64.101562 1570339695.6504
CHLD 7 112.609375 1570339695.6504
CHLD 8 72.605469 1570339695.6504
MEM 31.457031 1570339695.7834
CHLD 0 31.585938 1570339695.7864
CHLD 1 141.164062 1570339695.7864
CHLD 2 71.894531 1570339695.7864
CHLD 3 691.496094 1570339695.7864
CHLD 4 435.203125 1570339695.7864
CHLD 5 193.757812 1570339695.7864
CHLD 6 65.621094 1570339695.7864
CHLD 7 113.417969 1570339695.7864
CHLD 8 73.488281 1570339695.7864
MEM 31.457031 1570339695.9092
CHLD 0 31.585938 1570339695.9123
CHLD 1 141.851562 1570339695.9132
CHLD 2 72.535156 1570339695.9132
CHLD 3 727.339844 1570339695.9132
CHLD 4 435.890625 1570339695.9132
CHLD 5 216.410156 1570339695.9132
CHLD 6 66.531250 1570339695.9132
CHLD 7 114.167969 1570339695.9132
CHLD 8 74.121094 1570339695.9132
MEM 31.457031 1570339696.0551
CHLD 0 31.585938 1570339696.0601
CHLD 1 142.851562 1570339696.0601
CHLD 2 73.421875 1570339696.0601
CHLD 3 750.781250 1570339696.0601
CHLD 4 436.746094 1570339696.0601
CHLD 5 237.050781 1570339696.0601
CHLD 6 67.437500 1570339696.0601
CHLD 7 114.796875 1570339696.0601
CHLD 8 74.753906 1570339696.0601
MEM 31.457031 1570339696.1930
CHLD 0 31.585938 1570339696.1970
CHLD 1 143.664062 1570339696.1970
CHLD 2 74.054688 1570339696.1970
CHLD 3 750.781250 1570339696.1970
CHLD 4 437.457031 1570339696.1970
CHLD 5 268.445312 1570339696.1970
CHLD 6 68.054688 1570339696.1970
CHLD 7 115.609375 1570339696.1970
CHLD 8 75.640625 1570339696.1970
MEM 31.457031 1570339696.3329
CHLD 0 31.585938 1570339696.3359
CHLD 1 144.414062 1570339696.3359
CHLD 2 74.605469 1570339696.3359
CHLD 3 750.781250 1570339696.3359
CHLD 4 438.703125 1570339696.3359
CHLD 5 283.769531 1570339696.3359
CHLD 6 68.722656 1570339696.3359
CHLD 7 116.296875 1570339696.3359
CHLD 8 76.273438 1570339696.3359
MEM 31.457031 1570339696.4568
CHLD 0 31.585938 1570339696.4597
CHLD 1 145.039062 1570339696.4597
CHLD 2 75.257812 1570339696.4597
CHLD 3 779.964844 1570339696.4597
CHLD 4 439.757812 1570339696.4597
CHLD 5 313.128906 1570339696.4597
CHLD 6 69.292969 1570339696.4597
CHLD 7 116.984375 1570339696.4597
CHLD 8 76.906250 1570339696.4597
MEM 31.457031 1570339696.5776
CHLD 0 31.585938 1570339696.5817
CHLD 1 145.695312 1570339696.5817
CHLD 2 75.835938 1570339696.5817
CHLD 3 812.562500 1570339696.5817
CHLD 4 440.953125 1570339696.5817
CHLD 5 325.578125 1570339696.5817
CHLD 6 70.179688 1570339696.5817
CHLD 7 117.609375 1570339696.5817
CHLD 8 77.476562 1570339696.5817
MEM 31.457031 1570339696.7075
CHLD 0 31.585938 1570339696.7105
CHLD 1 146.351562 1570339696.7105
CHLD 2 76.777344 1570339696.7105
CHLD 3 834.832031 1570339696.7105
CHLD 4 441.640625 1570339696.7105
CHLD 5 352.441406 1570339696.7105
CHLD 6 71.066406 1570339696.7105
CHLD 7 118.609375 1570339696.7105
CHLD 8 78.679688 1570339696.7105
MEM 31.457031 1570339696.8374
CHLD 0 31.585938 1570339696.8409
CHLD 1 147.539062 1570339696.8409
CHLD 2 77.378906 1570339696.8409
CHLD 3 856.421875 1570339696.8409
CHLD 4 442.390625 1570339696.8409
CHLD 5 371.449219 1570339696.8409
CHLD 6 71.707031 1570339696.8409
CHLD 7 119.734375 1570339696.8409
CHLD 8 79.871094 1570339696.8409
MEM 31.457031 1570339696.9743
CHLD 0 31.585938 1570339696.9773
CHLD 1 148.789062 1570339696.9773
CHLD 2 78.296875 1570339696.9773
CHLD 3 894.054688 1570339696.9773
CHLD 4 443.640625 1570339696.9773
CHLD 5 371.449219 1570339696.9773
CHLD 6 72.339844 1570339696.9773
CHLD 7 120.484375 1570339696.9773
CHLD 8 80.515625 1570339696.9773
MEM 31.457031 1570339697.1122
CHLD 0 31.585938 1570339697.1152
CHLD 1 150.039062 1570339697.1152
CHLD 2 78.890625 1570339697.1152
CHLD 3 897.179688 1570339697.1152
CHLD 4 444.953125 1570339697.1152
CHLD 5 383.402344 1570339697.1152
CHLD 6 73.226562 1570339697.1152
CHLD 7 121.296875 1570339697.1152
CHLD 8 81.125000 1570339697.1152
MEM 31.457031 1570339697.2561
CHLD 0 31.585938 1570339697.2590
CHLD 1 151.226562 1570339697.2590
CHLD 2 79.500000 1570339697.2590
CHLD 3 897.179688 1570339697.2590
CHLD 4 446.140625 1570339697.2590
CHLD 5 414.933594 1570339697.2590
CHLD 6 73.859375 1570339697.2590
CHLD 7 121.871094 1570339697.2590
CHLD 8 82.035156 1570339697.2590
MEM 31.457031 1570339697.3661
CHLD 0 31.585938 1570339697.3690
CHLD 1 152.226562 1570339697.3700
CHLD 2 80.132812 1570339697.3700
CHLD 3 897.179688 1570339697.3700
CHLD 4 447.140625 1570339697.3700
CHLD 5 372.011719 1570339697.3700
CHLD 6 74.425781 1570339697.3700
CHLD 7 122.546875 1570339697.3700
CHLD 8 82.605469 1570339697.3700
MEM 31.457031 1570339697.4961
CHLD 0 31.585938 1570339697.5001
CHLD 1 153.421875 1570339697.5001
CHLD 2 80.765625 1570339697.5001
CHLD 3 897.179688 1570339697.5001
CHLD 4 448.328125 1570339697.5001
CHLD 5 373.199219 1570339697.5001
CHLD 6 75.062500 1570339697.5001
CHLD 7 123.109375 1570339697.5001
CHLD 8 83.300781 1570339697.5001
MEM 31.457031 1570339697.6241
CHLD 0 31.585938 1570339697.6271
CHLD 1 154.601562 1570339697.6271
CHLD 2 81.335938 1570339697.6271
CHLD 3 910.699219 1570339697.6271
CHLD 4 449.578125 1570339697.6271
CHLD 5 374.449219 1570339697.6271
CHLD 6 75.671875 1570339697.6271
CHLD 7 123.734375 1570339697.6271
CHLD 8 83.871094 1570339697.6271
MEM 31.457031 1570339697.7639
CHLD 0 31.585938 1570339697.7710
CHLD 1 155.914062 1570339697.7710
CHLD 2 81.945312 1570339697.7710
CHLD 3 930.500000 1570339697.7710
CHLD 4 450.890625 1570339697.7710
CHLD 5 375.765625 1570339697.7710
CHLD 6 76.582031 1570339697.7710
CHLD 7 124.734375 1570339697.7710
CHLD 8 84.503906 1570339697.7710
MEM 31.457031 1570339697.8848
CHLD 0 31.585938 1570339697.8908
CHLD 1 157.039062 1570339697.8908
CHLD 2 82.601562 1570339697.8908
CHLD 3 952.250000 1570339697.8908
CHLD 4 451.992188 1570339697.8908
CHLD 5 376.949219 1570339697.8908
CHLD 6 77.183594 1570339697.8908
CHLD 7 125.296875 1570339697.8908
CHLD 8 85.273438 1570339697.8908
MEM 31.457031 1570339698.0126
CHLD 0 31.585938 1570339698.0176
CHLD 1 158.164062 1570339698.0176
CHLD 2 83.429688 1570339698.0176
CHLD 3 973.261719 1570339698.0176
CHLD 4 453.269531 1570339698.0176
CHLD 5 378.199219 1570339698.0176
CHLD 6 77.847656 1570339698.0176
CHLD 7 125.906250 1570339698.0176
CHLD 8 85.960938 1570339698.0176
MEM 31.457031 1570339698.1732
CHLD 0 31.585938 1570339698.1762
CHLD 1 159.417969 1570339698.1762
CHLD 2 84.058594 1570339698.1762
CHLD 3 993.648438 1570339698.1762
CHLD 4 454.886719 1570339698.1762
CHLD 5 379.574219 1570339698.1762
CHLD 6 78.695312 1570339698.1762
CHLD 7 126.546875 1570339698.1762
CHLD 8 86.910156 1570339698.1762
MEM 31.457031 1570339698.3178
CHLD 0 31.585938 1570339698.3328
CHLD 1 160.289062 1570339698.3328
CHLD 2 84.691406 1570339698.3328
CHLD 3 1020.296875 1570339698.3328
CHLD 4 455.636719 1570339698.3328
CHLD 5 380.324219 1570339698.3328
CHLD 6 79.304688 1570339698.3328
CHLD 7 127.609375 1570339698.3328
CHLD 8 87.796875 1570339698.3328
MEM 31.457031 1570339698.5063
CHLD 0 31.585938 1570339698.5093
CHLD 1 161.402344 1570339698.5093
CHLD 2 85.640625 1570339698.5093
CHLD 3 1037.937500 1570339698.5093
CHLD 4 456.199219 1570339698.5093
CHLD 5 381.261719 1570339698.5093
CHLD 6 80.253906 1570339698.5093
CHLD 7 129.046875 1570339698.5093
CHLD 8 88.429688 1570339698.5093
MEM 31.457031 1570339698.6395
CHLD 0 31.585938 1570339698.6425
CHLD 1 162.300781 1570339698.6425
CHLD 2 85.894531 1570339698.6425
CHLD 3 1054.519531 1570339698.6425
CHLD 4 456.761719 1570339698.6425
CHLD 5 381.574219 1570339698.6425
CHLD 6 81.175781 1570339698.6425
CHLD 7 129.796875 1570339698.6425
CHLD 8 89.062500 1570339698.6425
MEM 31.457031 1570339698.7776
CHLD 0 31.585938 1570339698.7826
CHLD 1 163.550781 1570339698.7826
CHLD 2 86.492188 1570339698.7826
CHLD 3 1073.476562 1570339698.7826
CHLD 4 457.386719 1570339698.7826
CHLD 5 382.378906 1570339698.7826
CHLD 6 82.441406 1570339698.7826
CHLD 7 131.128906 1570339698.7826
CHLD 8 89.640625 1570339698.7826
MEM 31.457031 1570339698.9297
CHLD 0 31.585938 1570339698.9347
CHLD 1 164.695312 1570339698.9347
CHLD 2 87.097656 1570339698.9347
CHLD 3 1073.476562 1570339698.9347
CHLD 4 458.066406 1570339698.9347
CHLD 5 382.824219 1570339698.9347
CHLD 6 83.644531 1570339698.9347
CHLD 7 132.296875 1570339698.9347
CHLD 8 90.250000 1570339698.9347
MEM 31.457031 1570339699.0649
CHLD 0 31.585938 1570339699.0688
CHLD 1 165.925781 1570339699.0688
CHLD 2 87.730469 1570339699.0688
CHLD 3 1073.476562 1570339699.0688
CHLD 4 458.820312 1570339699.0688
CHLD 5 383.511719 1570339699.0688
CHLD 6 84.832031 1570339699.0688
CHLD 7 132.917969 1570339699.0688
CHLD 8 90.906250 1570339699.0688
MEM 31.457031 1570339699.2085
CHLD 0 31.585938 1570339699.2115
CHLD 1 167.050781 1570339699.2115
CHLD 2 88.617188 1570339699.2115
CHLD 3 1073.476562 1570339699.2115
CHLD 4 459.511719 1570339699.2115
CHLD 5 384.324219 1570339699.2115
CHLD 6 85.796875 1570339699.2115
CHLD 7 133.734375 1570339699.2115
CHLD 8 91.769531 1570339699.2115
MEM 31.457031 1570339699.3376
CHLD 0 31.585938 1570339699.3406
CHLD 1 168.175781 1570339699.3406
CHLD 2 89.250000 1570339699.3406
CHLD 3 1073.476562 1570339699.3406
CHLD 4 460.386719 1570339699.3406
CHLD 5 384.886719 1570339699.3406
CHLD 6 86.683594 1570339699.3406
CHLD 7 134.859375 1570339699.3406
CHLD 8 92.363281 1570339699.3406
MEM 31.457031 1570339699.4658
CHLD 0 31.585938 1570339699.4688
CHLD 1 169.050781 1570339699.4688
CHLD 2 89.535156 1570339699.4688
CHLD 3 1073.476562 1570339699.4688
CHLD 4 461.199219 1570339699.4688
CHLD 5 385.511719 1570339699.4688
CHLD 6 87.847656 1570339699.4688
CHLD 7 135.984375 1570339699.4688
CHLD 8 93.250000 1570339699.4688
MEM 31.457031 1570339699.5935
CHLD 0 31.585938 1570339699.5974
CHLD 1 169.695312 1570339699.5974
CHLD 2 90.460938 1570339699.5974
CHLD 3 1085.546875 1570339699.5974
CHLD 4 462.386719 1570339699.5974
CHLD 5 386.199219 1570339699.5974
CHLD 6 88.835938 1570339699.5974
CHLD 7 137.234375 1570339699.5974
CHLD 8 93.558594 1570339699.5974
MEM 31.457031 1570339699.7346
CHLD 0 31.585938 1570339699.7376
CHLD 1 170.550781 1570339699.7376
CHLD 2 91.664062 1570339699.7376
CHLD 3 1103.402344 1570339699.7376
CHLD 4 463.699219 1570339699.7376
CHLD 5 387.074219 1570339699.7376
CHLD 6 89.406250 1570339699.7376
CHLD 7 138.546875 1570339699.7376
CHLD 8 94.199219 1570339699.7376
MEM 31.457031 1570339699.8488
CHLD 0 31.585938 1570339699.8528
CHLD 1 171.113281 1570339699.8528
CHLD 2 92.593750 1570339699.8528
CHLD 3 1121.394531 1570339699.8528
CHLD 4 464.785156 1570339699.8528
CHLD 5 387.511719 1570339699.8528
CHLD 6 90.300781 1570339699.8528
CHLD 7 139.617188 1570339699.8528
CHLD 8 94.800781 1570339699.8528
MEM 31.457031 1570339699.9774
CHLD 0 31.585938 1570339699.9804
CHLD 1 171.695312 1570339699.9804
CHLD 2 93.816406 1570339699.9804
CHLD 3 1141.253906 1570339699.9804
CHLD 4 465.968750 1570339699.9804
CHLD 5 388.324219 1570339699.9804
CHLD 6 90.886719 1570339699.9804
CHLD 7 140.859375 1570339699.9804
CHLD 8 95.464844 1570339699.9804
MEM 31.457031 1570339700.1016
CHLD 0 31.585938 1570339700.1046
CHLD 1 172.554688 1570339700.1046
CHLD 2 94.765625 1570339700.1046
CHLD 3 995.121094 1570339700.1046
CHLD 4 466.886719 1570339700.1046
CHLD 5 388.949219 1570339700.1046
CHLD 6 91.820312 1570339700.1046
CHLD 7 142.046875 1570339700.1046
CHLD 8 96.035156 1570339700.1046
MEM 31.457031 1570339700.2427
CHLD 0 31.585938 1570339700.2497
CHLD 1 173.304688 1570339700.2497
CHLD 2 95.335938 1570339700.2497
CHLD 3 995.933594 1570339700.2497
CHLD 4 467.636719 1570339700.2497
CHLD 5 389.574219 1570339700.2497
CHLD 6 92.769531 1570339700.2497
CHLD 7 142.796875 1570339700.2497
CHLD 8 97.554688 1570339700.2497
MEM 31.457031 1570339700.3819
CHLD 0 31.585938 1570339700.3849
CHLD 1 174.054688 1570339700.3849
CHLD 2 95.972656 1570339700.3849
CHLD 3 996.554688 1570339700.3849
CHLD 4 468.285156 1570339700.3849
CHLD 5 390.324219 1570339700.3849
CHLD 6 93.957031 1570339700.3849
CHLD 7 144.109375 1570339700.3849
CHLD 8 98.757812 1570339700.3849
MEM 31.457031 1570339700.5175
CHLD 0 31.585938 1570339700.5205
CHLD 1 174.617188 1570339700.5205
CHLD 2 96.859375 1570339700.5205
CHLD 3 997.433594 1570339700.5205
CHLD 4 469.199219 1570339700.5205
CHLD 5 391.074219 1570339700.5205
CHLD 6 94.921875 1570339700.5205
CHLD 7 145.359375 1570339700.5205
CHLD 8 99.960938 1570339700.5205
MEM 31.457031 1570339700.6537
CHLD 0 31.585938 1570339700.6566
CHLD 1 175.429688 1570339700.6566
CHLD 2 97.492188 1570339700.6566
CHLD 3 998.167969 1570339700.6566
CHLD 4 470.449219 1570339700.6566
CHLD 5 391.699219 1570339700.6566
CHLD 6 95.808594 1570339700.6566
CHLD 7 146.609375 1570339700.6566
CHLD 8 101.488281 1570339700.6566
MEM 31.457031 1570339700.7758
CHLD 0 31.585938 1570339700.7788
CHLD 1 175.968750 1570339700.7788
CHLD 2 98.062500 1570339700.7788
CHLD 3 998.871094 1570339700.7788
CHLD 4 471.636719 1570339700.7788
CHLD 5 392.511719 1570339700.7788
CHLD 6 96.441406 1570339700.7788
CHLD 7 147.796875 1570339700.7788
CHLD 8 102.449219 1570339700.7788
MEM 31.457031 1570339700.8985
CHLD 0 31.585938 1570339700.9015
CHLD 1 176.691406 1570339700.9015
CHLD 2 98.632812 1570339700.9015
CHLD 3 999.519531 1570339700.9015
CHLD 4 472.761719 1570339700.9015
CHLD 5 393.117188 1570339700.9015
CHLD 6 96.988281 1570339700.9015
CHLD 7 148.984375 1570339700.9015
CHLD 8 103.703125 1570339700.9015
MEM 31.457031 1570339701.0337
CHLD 0 31.585938 1570339701.0366
CHLD 1 177.304688 1570339701.0366
CHLD 2 99.328125 1570339701.0366
CHLD 3 1000.371094 1570339701.0366
CHLD 4 474.007812 1570339701.0366
CHLD 5 393.871094 1570339701.0366
CHLD 6 97.644531 1570339701.0366
CHLD 7 150.234375 1570339701.0366
CHLD 8 104.906250 1570339701.0366
MEM 31.457031 1570339701.1698
CHLD 0 31.585938 1570339701.1728
CHLD 1 178.054688 1570339701.1728
CHLD 2 100.152344 1570339701.1728
CHLD 3 1001.058594 1570339701.1728
CHLD 4 475.199219 1570339701.1728
CHLD 5 394.328125 1570339701.1728
CHLD 6 98.507812 1570339701.1728
CHLD 7 151.484375 1570339701.1728
CHLD 8 106.109375 1570339701.1728
MEM 31.457031 1570339701.2965
CHLD 0 31.585938 1570339701.2994
CHLD 1 178.617188 1570339701.2994
CHLD 2 100.785156 1570339701.2994
CHLD 3 1001.746094 1570339701.2994
CHLD 4 476.386719 1570339701.2994
CHLD 5 394.328125 1570339701.2994
CHLD 6 99.164062 1570339701.2994
CHLD 7 152.671875 1570339701.2994
CHLD 8 107.300781 1570339701.2994
MEM 31.457031 1570339701.4236
CHLD 0 31.585938 1570339701.4266
CHLD 1 179.367188 1570339701.4266
CHLD 2 101.101562 1570339701.4266
CHLD 3 1002.496094 1570339701.4266
CHLD 4 477.531250 1570339701.4266
CHLD 5 394.574219 1570339701.4266
CHLD 6 99.734375 1570339701.4266
CHLD 7 153.886719 1570339701.4266
CHLD 8 108.527344 1570339701.4266
MEM 31.457031 1570339701.5558
CHLD 0 31.585938 1570339701.5588
CHLD 1 179.949219 1570339701.5588
CHLD 2 101.984375 1570339701.5588
CHLD 3 1003.371094 1570339701.5588
CHLD 4 479.031250 1570339701.5588
CHLD 5 395.300781 1570339701.5588
CHLD 6 100.367188 1570339701.5588
CHLD 7 154.984375 1570339701.5588
CHLD 8 109.789062 1570339701.5588
MEM 31.457031 1570339701.6919
CHLD 0 31.585938 1570339701.6949
CHLD 1 180.804688 1570339701.6949
CHLD 2 102.621094 1570339701.6949
CHLD 3 1004.496094 1570339701.6949
CHLD 4 480.250000 1570339701.6949
CHLD 5 396.574219 1570339701.6949
CHLD 6 101.000000 1570339701.6949
CHLD 7 155.734375 1570339701.6949
CHLD 8 110.675781 1570339701.6949
MEM 31.457031 1570339701.8216
CHLD 0 31.585938 1570339701.8246
CHLD 1 181.429688 1570339701.8246
CHLD 2 103.496094 1570339701.8246
CHLD 3 1005.746094 1570339701.8246
CHLD 4 481.468750 1570339701.8246
CHLD 5 397.816406 1570339701.8246
CHLD 6 101.886719 1570339701.8246
CHLD 7 156.359375 1570339701.8246
CHLD 8 111.308594 1570339701.8246
MEM 31.457031 1570339701.9567
CHLD 0 31.585938 1570339701.9597
CHLD 1 182.179688 1570339701.9597
CHLD 2 104.203125 1570339701.9597
CHLD 3 1006.746094 1570339701.9597
CHLD 4 482.781250 1570339701.9597
CHLD 5 398.753906 1570339701.9597
CHLD 6 103.066406 1570339701.9597
CHLD 7 157.121094 1570339701.9597
CHLD 8 112.195312 1570339701.9597
MEM 31.457031 1570339702.0929
CHLD 0 31.585938 1570339702.0958
CHLD 1 182.929688 1570339702.0958
CHLD 2 105.058594 1570339702.0958
CHLD 3 1008.183594 1570339702.0958
CHLD 4 484.031250 1570339702.0958
CHLD 5 399.503906 1570339702.0958
CHLD 6 104.546875 1570339702.0958
CHLD 7 157.882812 1570339702.0958
CHLD 8 112.765625 1570339702.0958
MEM 31.457031 1570339702.2435
CHLD 0 31.585938 1570339702.2464
CHLD 1 183.554688 1570339702.2464
CHLD 2 105.722656 1570339702.2464
CHLD 3 1009.683594 1570339702.2464
CHLD 4 485.281250 1570339702.2464
CHLD 5 400.316406 1570339702.2464
CHLD 6 105.812500 1570339702.2464
CHLD 7 158.734375 1570339702.2464
CHLD 8 113.714844 1570339702.2464
MEM 31.457031 1570339702.3626
CHLD 0 31.585938 1570339702.3656
CHLD 1 184.304688 1570339702.3656
CHLD 2 106.292969 1570339702.3656
CHLD 3 1010.808594 1570339702.3656
CHLD 4 486.406250 1570339702.3666
CHLD 5 400.925781 1570339702.3666
CHLD 6 107.078125 1570339702.3666
CHLD 7 159.296875 1570339702.3666
CHLD 8 114.285156 1570339702.3666
MEM 31.457031 1570339702.4858
CHLD 0 31.585938 1570339702.4888
CHLD 1 184.929688 1570339702.4888
CHLD 2 106.925781 1570339702.4888
CHLD 3 1012.058594 1570339702.4888
CHLD 4 487.531250 1570339702.4888
CHLD 5 401.566406 1570339702.4888
CHLD 6 108.289062 1570339702.4888
CHLD 7 160.109375 1570339702.4888
CHLD 8 114.878906 1570339702.4888
MEM 31.457031 1570339702.6215
CHLD 0 31.585938 1570339702.6244
CHLD 1 185.640625 1570339702.6244
CHLD 2 107.812500 1570339702.6244
CHLD 3 1013.433594 1570339702.6244
CHLD 4 488.781250 1570339702.6244
CHLD 5 402.316406 1570339702.6244
CHLD 6 109.488281 1570339702.6244
CHLD 7 160.667969 1570339702.6244
CHLD 8 115.550781 1570339702.6244
MEM 31.457031 1570339702.7566
CHLD 0 31.585938 1570339702.7596
CHLD 1 186.367188 1570339702.7596
CHLD 2 108.445312 1570339702.7596
CHLD 3 1014.746094 1570339702.7596
CHLD 4 490.031250 1570339702.7596
CHLD 5 403.128906 1570339702.7596
CHLD 6 110.707031 1570339702.7596
CHLD 7 161.484375 1570339702.7596
CHLD 8 116.398438 1570339702.7596
MEM 31.457031 1570339702.8828
CHLD 0 31.585938 1570339702.8868
CHLD 1 186.980469 1570339702.8868
CHLD 2 109.085938 1570339702.8868
CHLD 3 1015.996094 1570339702.8868
CHLD 4 491.218750 1570339702.8868
CHLD 5 403.816406 1570339702.8868
CHLD 6 111.960938 1570339702.8868
CHLD 7 162.234375 1570339702.8868
CHLD 8 117.007812 1570339702.8868
MEM 31.457031 1570339703.0194
CHLD 0 31.585938 1570339703.0224
CHLD 1 187.742188 1570339703.0224
CHLD 2 109.925781 1570339703.0224
CHLD 3 1017.367188 1570339703.0224
CHLD 4 492.468750 1570339703.0224
CHLD 5 404.628906 1570339703.0224
CHLD 6 113.164062 1570339703.0224
CHLD 7 162.859375 1570339703.0224
CHLD 8 117.640625 1570339703.0224
MEM 31.457031 1570339703.1426
CHLD 0 31.585938 1570339703.1456
CHLD 1 188.367188 1570339703.1456
CHLD 2 110.542969 1570339703.1456
CHLD 3 1018.867188 1570339703.1456
CHLD 4 493.656250 1570339703.1456
CHLD 5 405.328125 1570339703.1456
CHLD 6 114.367188 1570339703.1456
CHLD 7 163.609375 1570339703.1456
CHLD 8 118.273438 1570339703.1456
MEM 31.457031 1570339703.2817
CHLD 0 31.585938 1570339703.2847
CHLD 1 189.117188 1570339703.2847
CHLD 2 111.238281 1570339703.2847
CHLD 3 1020.250000 1570339703.2847
CHLD 4 494.531250 1570339703.2847
CHLD 5 406.257812 1570339703.2847
CHLD 6 115.886719 1570339703.2847
CHLD 7 164.386719 1570339703.2847
CHLD 8 119.160156 1570339703.2847
MEM 31.457031 1570339703.4094
CHLD 0 31.585938 1570339703.4119
CHLD 1 189.867188 1570339703.4119
CHLD 2 112.378906 1570339703.4119
CHLD 3 1021.558594 1570339703.4119
CHLD 4 495.281250 1570339703.4119
CHLD 5 406.945312 1570339703.4119
CHLD 6 117.062500 1570339703.4119
CHLD 7 165.046875 1570339703.4119
CHLD 8 119.792969 1570339703.4119
MEM 31.457031 1570339703.5465
CHLD 0 31.585938 1570339703.5495
CHLD 1 190.429688 1570339703.5495
CHLD 2 113.644531 1570339703.5495
CHLD 3 1022.871094 1570339703.5495
CHLD 4 495.968750 1570339703.5495
CHLD 5 407.757812 1570339703.5495
CHLD 6 118.292969 1570339703.5495
CHLD 7 165.796875 1570339703.5495
CHLD 8 120.679688 1570339703.5495
MEM 31.457031 1570339703.6816
CHLD 0 31.585938 1570339703.6846
CHLD 1 191.304688 1570339703.6846
CHLD 2 114.847656 1570339703.6846
CHLD 3 1024.179688 1570339703.6846
CHLD 4 496.781250 1570339703.6846
CHLD 5 408.382812 1570339703.6846
CHLD 6 119.511719 1570339703.6846
CHLD 7 166.609375 1570339703.6846
CHLD 8 121.312500 1570339703.6846
MEM 31.457031 1570339703.8168
CHLD 0 31.585938 1570339703.8198
CHLD 1 191.929688 1570339703.8198
CHLD 2 116.050781 1570339703.8198
CHLD 3 1025.558594 1570339703.8198
CHLD 4 497.531250 1570339703.8198
CHLD 5 409.257812 1570339703.8198
CHLD 6 121.015625 1570339703.8198
CHLD 7 167.234375 1570339703.8198
CHLD 8 121.882812 1570339703.8198
MEM 31.457031 1570339703.9514
CHLD 0 31.585938 1570339703.9544
CHLD 1 192.679688 1570339703.9544
CHLD 2 117.226562 1570339703.9544
CHLD 3 1026.871094 1570339703.9544
CHLD 4 498.156250 1570339703.9544
CHLD 5 409.937500 1570339703.9544
CHLD 6 122.218750 1570339703.9544
CHLD 7 167.984375 1570339703.9544
CHLD 8 122.832031 1570339703.9544
MEM 31.457031 1570339704.0836
CHLD 0 31.585938 1570339704.0866
CHLD 1 193.429688 1570339704.0866
CHLD 2 118.457031 1570339704.0866
CHLD 3 1028.164062 1570339704.0866
CHLD 4 498.906250 1570339704.0866
CHLD 5 410.570312 1570339704.0866
CHLD 6 123.484375 1570339704.0906
CHLD 7 168.734375 1570339704.0906
CHLD 8 123.402344 1570339704.0906
MEM 31.457031 1570339704.2227
CHLD 0 31.585938 1570339704.2257
CHLD 1 194.054688 1570339704.2257
CHLD 2 119.660156 1570339704.2257
CHLD 3 1029.371094 1570339704.2257
CHLD 4 499.656250 1570339704.2257
CHLD 5 411.507812 1570339704.2257
CHLD 6 124.636719 1570339704.2257
CHLD 7 169.371094 1570339704.2257
CHLD 8 124.277344 1570339704.2257
MEM 31.457031 1570339704.3509
CHLD 0 31.585938 1570339704.3539
CHLD 1 194.617188 1570339704.3539
CHLD 2 120.609375 1570339704.3539
CHLD 3 1030.621094 1570339704.3539
CHLD 4 500.238281 1570339704.3539
CHLD 5 412.132812 1570339704.3539
CHLD 6 125.890625 1570339704.3539
CHLD 7 170.117188 1570339704.3539
CHLD 8 124.921875 1570339704.3539
MEM 31.457031 1570339704.4865
CHLD 0 31.585938 1570339704.4895
CHLD 1 195.367188 1570339704.4895
CHLD 2 121.785156 1570339704.4895
CHLD 3 1031.902344 1570339704.4895
CHLD 4 501.156250 1570339704.4895
CHLD 5 412.757812 1570339704.4895
CHLD 6 127.101562 1570339704.4895
CHLD 7 170.859375 1570339704.4895
CHLD 8 125.511719 1570339704.4895
MEM 31.457031 1570339704.6207
CHLD 0 31.585938 1570339704.6237
CHLD 1 196.117188 1570339704.6237
CHLD 2 123.046875 1570339704.6237
CHLD 3 1033.246094 1570339704.6237
CHLD 4 501.781250 1570339704.6237
CHLD 5 413.671875 1570339704.6237
CHLD 6 128.304688 1570339704.6237
CHLD 7 171.484375 1570339704.6237
CHLD 8 126.449219 1570339704.6237
MEM 31.457031 1570339704.7558
CHLD 0 31.585938 1570339704.7588
CHLD 1 196.679688 1570339704.7588
CHLD 2 124.250000 1570339704.7588
CHLD 3 1034.621094 1570339704.7588
CHLD 4 502.531250 1570339704.7588
CHLD 5 414.320312 1570339704.7588
CHLD 6 129.570312 1570339704.7588
CHLD 7 172.484375 1570339704.7588
CHLD 8 127.097656 1570339704.7588
MEM 31.457031 1570339704.8915
CHLD 0 31.585938 1570339704.8944
CHLD 1 197.554688 1570339704.8944
CHLD 2 125.515625 1570339704.8944
CHLD 3 1035.917969 1570339704.8944
CHLD 4 503.281250 1570339704.8944
CHLD 5 415.132812 1570339704.8944
CHLD 6 130.742188 1570339704.8944
CHLD 7 173.046875 1570339704.8944
CHLD 8 127.714844 1570339704.8944
MEM 31.457031 1570339705.0276
CHLD 0 31.585938 1570339705.0306
CHLD 1 198.179688 1570339705.0306
CHLD 2 126.980469 1570339705.0306
CHLD 3 1037.308594 1570339705.0306
CHLD 4 503.906250 1570339705.0306
CHLD 5 415.894531 1570339705.0306
CHLD 6 132.230469 1570339705.0306
CHLD 7 173.796875 1570339705.0306
CHLD 8 128.613281 1570339705.0306
MEM 31.457031 1570339705.1528
CHLD 0 31.585938 1570339705.1558
CHLD 1 198.804688 1570339705.1558
CHLD 2 127.890625 1570339705.1558
CHLD 3 1038.496094 1570339705.1558
CHLD 4 504.718750 1570339705.1558
CHLD 5 416.570312 1570339705.1558
CHLD 6 133.496094 1570339705.1558
CHLD 7 174.484375 1570339705.1558
CHLD 8 129.234375 1570339705.1558
MEM 31.457031 1570339705.2844
CHLD 0 31.585938 1570339705.2884
CHLD 1 199.222656 1570339705.2884
CHLD 2 129.195312 1570339705.2884
CHLD 3 1039.664062 1570339705.2884
CHLD 4 505.300781 1570339705.2884
CHLD 5 417.132812 1570339705.2884
CHLD 6 134.125000 1570339705.2884
CHLD 7 175.234375 1570339705.2884
CHLD 8 129.867188 1570339705.2884
MEM 31.457031 1570339705.4206
CHLD 0 31.585938 1570339705.4235
CHLD 1 199.699219 1570339705.4235
CHLD 2 130.398438 1570339705.4235
CHLD 3 1040.996094 1570339705.4235
CHLD 4 506.031250 1570339705.4235
CHLD 5 417.937500 1570339705.4235
CHLD 6 135.351562 1570339705.4235
CHLD 7 175.859375 1570339705.4235
CHLD 8 130.753906 1570339705.4235
MEM 31.457031 1570339705.5497
CHLD 0 31.585938 1570339705.5527
CHLD 1 200.304688 1570339705.5527
CHLD 2 131.246094 1570339705.5527
CHLD 3 1042.308594 1570339705.5527
CHLD 4 506.718750 1570339705.5527
CHLD 5 418.757812 1570339705.5527
CHLD 6 136.597656 1570339705.5527
CHLD 7 176.667969 1570339705.5527
CHLD 8 131.640625 1570339705.5527
MEM 31.457031 1570339705.6849
CHLD 0 31.585938 1570339705.6874
CHLD 1 200.988281 1570339705.6874
CHLD 2 131.601562 1570339705.6874
CHLD 3 1043.632812 1570339705.6874
CHLD 4 507.535156 1570339705.6874
CHLD 5 419.382812 1570339705.6874
CHLD 6 138.125000 1570339705.6874
CHLD 7 177.359375 1570339705.6874
CHLD 8 132.906250 1570339705.6874
MEM 31.457031 1570339705.8205
CHLD 0 31.585938 1570339705.8235
CHLD 1 201.804688 1570339705.8235
CHLD 2 132.234375 1570339705.8235
CHLD 3 1045.007812 1570339705.8235
CHLD 4 508.156250 1570339705.8235
CHLD 5 420.269531 1570339705.8235
CHLD 6 139.390625 1570339705.8235
CHLD 7 178.109375 1570339705.8235
CHLD 8 134.109375 1570339705.8235
MEM 31.457031 1570339705.9427
CHLD 0 31.585938 1570339705.9457
CHLD 1 202.429688 1570339705.9457
CHLD 2 132.789062 1570339705.9457
CHLD 3 1046.171875 1570339705.9457
CHLD 4 508.906250 1570339705.9457
CHLD 5 421.160156 1570339705.9457
CHLD 6 140.593750 1570339705.9457
CHLD 7 178.796875 1570339705.9457
CHLD 8 135.312500 1570339705.9457
MEM 31.457031 1570339706.0858
CHLD 0 31.585938 1570339706.0888
CHLD 1 203.187500 1570339706.0888
CHLD 2 133.691406 1570339706.0888
CHLD 3 1047.886719 1570339706.0888
CHLD 4 509.718750 1570339706.0888
CHLD 5 421.835938 1570339706.0888
CHLD 6 141.886719 1570339706.0888
CHLD 7 179.546875 1570339706.0888
CHLD 8 136.199219 1570339706.0888
MEM 31.457031 1570339706.2214
CHLD 0 31.585938 1570339706.2244
CHLD 1 203.929688 1570339706.2244
CHLD 2 134.300781 1570339706.2244
CHLD 3 1049.160156 1570339706.2244
CHLD 4 510.277344 1570339706.2244
CHLD 5 423.023438 1570339706.2244
CHLD 6 143.277344 1570339706.2244
CHLD 7 180.378906 1570339706.2244
CHLD 8 137.218750 1570339706.2244
MEM 31.457031 1570339706.3501
CHLD 0 31.585938 1570339706.3531
CHLD 1 204.484375 1570339706.3531
CHLD 2 134.957031 1570339706.3531
CHLD 3 1050.386719 1570339706.3531
CHLD 4 511.031250 1570339706.3531
CHLD 5 424.273438 1570339706.3531
CHLD 6 144.277344 1570339706.3531
CHLD 7 181.046875 1570339706.3531
CHLD 8 137.781250 1570339706.3531
MEM 31.457031 1570339706.4738
CHLD 0 31.585938 1570339706.4768
CHLD 1 205.117188 1570339706.4768
CHLD 2 135.527344 1570339706.4768
CHLD 3 1051.574219 1570339706.4768
CHLD 4 511.656250 1570339706.4768
CHLD 5 425.421875 1570339706.4768
CHLD 6 145.488281 1570339706.4768
CHLD 7 181.734375 1570339706.4768
CHLD 8 138.421875 1570339706.4768
MEM 31.457031 1570339706.5955
CHLD 0 31.585938 1570339706.5985
CHLD 1 205.804688 1570339706.5985
CHLD 2 136.160156 1570339706.5985
CHLD 3 1052.777344 1570339706.5985
CHLD 4 512.406250 1570339706.5985
CHLD 5 426.648438 1570339706.5985
CHLD 6 146.644531 1570339706.5985
CHLD 7 182.359375 1570339706.5985
CHLD 8 139.054688 1570339706.5985
MEM 31.457031 1570339706.7276
CHLD 0 31.585938 1570339706.7306
CHLD 1 206.617188 1570339706.7306
CHLD 2 137.046875 1570339706.7306
CHLD 3 1054.136719 1570339706.7306
CHLD 4 513.031250 1570339706.7306
CHLD 5 427.867188 1570339706.7306
CHLD 6 147.855469 1570339706.7306
CHLD 7 182.984375 1570339706.7306
CHLD 8 139.941406 1570339706.7306
MEM 31.457031 1570339706.8458
CHLD 0 31.585938 1570339706.8488
CHLD 1 207.191406 1570339706.8488
CHLD 2 137.679688 1570339706.8488
CHLD 3 1055.261719 1570339706.8488
CHLD 4 513.656250 1570339706.8488
CHLD 5 429.023438 1570339706.8488
CHLD 6 149.101562 1570339706.8488
CHLD 7 183.648438 1570339706.8488
CHLD 8 140.511719 1570339706.8488
MEM 31.457031 1570339706.9755
CHLD 0 31.585938 1570339706.9784
CHLD 1 207.804688 1570339706.9784
CHLD 2 138.250000 1570339706.9784
CHLD 3 1056.574219 1570339706.9784
CHLD 4 514.304688 1570339706.9784
CHLD 5 430.335938 1570339706.9784
CHLD 6 150.304688 1570339706.9784
CHLD 7 184.484375 1570339706.9784
CHLD 8 141.386719 1570339706.9784
MEM 31.457031 1570339707.1166
CHLD 0 31.585938 1570339707.1206
CHLD 1 208.429688 1570339707.1206
CHLD 2 138.937500 1570339707.1206
CHLD 3 1057.886719 1570339707.1206
CHLD 4 515.156250 1570339707.1206
CHLD 5 431.648438 1570339707.1206
CHLD 6 151.507812 1570339707.1206
CHLD 7 185.296875 1570339707.1206
CHLD 8 142.031250 1570339707.1206
MEM 31.457031 1570339707.2527
CHLD 0 31.585938 1570339707.2577
CHLD 1 209.179688 1570339707.2577
CHLD 2 139.585938 1570339707.2577
CHLD 3 1058.511719 1570339707.2577
CHLD 4 515.781250 1570339707.2577
CHLD 5 432.523438 1570339707.2577
CHLD 6 152.773438 1570339707.2577
CHLD 7 186.609375 1570339707.2577
CHLD 8 142.980469 1570339707.2577
MEM 31.457031 1570339707.3749
CHLD 0 31.585938 1570339707.3779
CHLD 1 209.726562 1570339707.3779
CHLD 2 140.156250 1570339707.3779
CHLD 3 1059.324219 1570339707.3779
CHLD 4 516.335938 1570339707.3779
CHLD 5 433.148438 1570339707.3779
CHLD 6 153.925781 1570339707.3779
CHLD 7 187.796875 1570339707.3779
CHLD 8 144.140625 1570339707.3779
MEM 31.457031 1570339707.5095
CHLD 0 31.585938 1570339707.5125
CHLD 1 210.484375 1570339707.5125
CHLD 2 140.789062 1570339707.5125
CHLD 3 1060.136719 1570339707.5125
CHLD 4 517.046875 1570339707.5125
CHLD 5 433.910156 1570339707.5125
CHLD 6 155.433594 1570339707.5125
CHLD 7 189.046875 1570339707.5125
CHLD 8 145.394531 1570339707.5125
MEM 31.457031 1570339707.6407
CHLD 0 31.585938 1570339707.6437
CHLD 1 211.117188 1570339707.6437
CHLD 2 141.675781 1570339707.6437
CHLD 3 1060.769531 1570339707.6437
CHLD 4 517.812500 1570339707.6437
CHLD 5 434.648438 1570339707.6437
CHLD 6 156.636719 1570339707.6437
CHLD 7 190.296875 1570339707.6437
CHLD 8 146.855469 1570339707.6437
MEM 31.457031 1570339707.7609
CHLD 0 31.585938 1570339707.7709
CHLD 1 211.929688 1570339707.7709
CHLD 2 142.246094 1570339707.7709
CHLD 3 1061.410156 1570339707.7709
CHLD 4 518.468750 1570339707.7709
CHLD 5 435.335938 1570339707.7709
CHLD 6 157.839844 1570339707.7709
CHLD 7 191.484375 1570339707.7709
CHLD 8 148.058594 1570339707.7709
MEM 31.457031 1570339707.8836
CHLD 0 31.585938 1570339707.8865
CHLD 1 212.429688 1570339707.8865
CHLD 2 142.878906 1570339707.8865
CHLD 3 1062.136719 1570339707.8865
CHLD 4 519.062500 1570339707.8865
CHLD 5 435.914062 1570339707.8865
CHLD 6 158.773438 1570339707.8865
CHLD 7 192.609375 1570339707.8865
CHLD 8 148.996094 1570339707.8865
MEM 31.457031 1570339708.0227
CHLD 0 31.585938 1570339708.0257
CHLD 1 213.183594 1570339708.0257
CHLD 2 143.519531 1570339708.0257
CHLD 3 1063.074219 1570339708.0257
CHLD 4 519.718750 1570339708.0257
CHLD 5 436.648438 1570339708.0257
CHLD 6 160.253906 1570339708.0257
CHLD 7 193.882812 1570339708.0257
CHLD 8 150.480469 1570339708.0257
MEM 31.457031 1570339708.1598
CHLD 0 31.585938 1570339708.1628
CHLD 1 213.804688 1570339708.1628
CHLD 2 144.144531 1570339708.1628
CHLD 3 1063.660156 1570339708.1628
CHLD 4 520.406250 1570339708.1628
CHLD 5 437.523438 1570339708.1628
CHLD 6 161.511719 1570339708.1628
CHLD 7 195.148438 1570339708.1628
CHLD 8 151.730469 1570339708.1628
MEM 31.457031 1570339708.2855
CHLD 0 31.585938 1570339708.2965
CHLD 1 214.429688 1570339708.2965
CHLD 2 144.777344 1570339708.2965
CHLD 3 1064.324219 1570339708.2965
CHLD 4 521.031250 1570339708.2965
CHLD 5 438.085938 1570339708.2965
CHLD 6 162.714844 1570339708.2965
CHLD 7 196.613281 1570339708.2965
CHLD 8 152.933594 1570339708.2965
MEM 31.457031 1570339708.4236
CHLD 0 31.585938 1570339708.4266
CHLD 1 214.972656 1570339708.4266
CHLD 2 145.417969 1570339708.4266
CHLD 3 1064.933594 1570339708.4266
CHLD 4 521.781250 1570339708.4266
CHLD 5 438.773438 1570339708.4266
CHLD 6 163.925781 1570339708.4266
CHLD 7 197.882812 1570339708.4266
CHLD 8 154.136719 1570339708.4266
MEM 31.457031 1570339708.5508
CHLD 0 31.585938 1570339708.5538
CHLD 1 215.628906 1570339708.5538
CHLD 2 145.988281 1570339708.5538
CHLD 3 1065.636719 1570339708.5538
CHLD 4 522.503906 1570339708.5538
CHLD 5 439.398438 1570339708.5538
CHLD 6 165.171875 1570339708.5538
CHLD 7 199.113281 1570339708.5538
CHLD 8 155.324219 1570339708.5538
MEM 31.457031 1570339708.6665
CHLD 0 31.585938 1570339708.6695
CHLD 1 216.304688 1570339708.6695
CHLD 2 146.855469 1570339708.6695
CHLD 3 1066.261719 1570339708.6695
CHLD 4 522.851562 1570339708.6695
CHLD 5 440.023438 1570339708.6695
CHLD 6 166.203125 1570339708.6695
CHLD 7 200.113281 1570339708.6695
CHLD 8 156.289062 1570339708.6695
MEM 31.457031 1570339708.8026
CHLD 0 31.585938 1570339708.8056
CHLD 1 217.117188 1570339708.8056
CHLD 2 147.507812 1570339708.8056
CHLD 3 1067.011719 1570339708.8056
CHLD 4 523.816406 1570339708.8056
CHLD 5 440.648438 1570339708.8056
CHLD 6 167.660156 1570339708.8056
CHLD 7 201.425781 1570339708.8056
CHLD 8 157.554688 1570339708.8056
MEM 31.457031 1570339708.9418
CHLD 0 31.585938 1570339708.9448
CHLD 1 217.742188 1570339708.9448
CHLD 2 148.085938 1570339708.9448
CHLD 3 1067.886719 1570339708.9448
CHLD 4 524.406250 1570339708.9448
CHLD 5 441.585938 1570339708.9448
CHLD 6 168.925781 1570339708.9448
CHLD 7 202.800781 1570339708.9448
CHLD 8 158.820312 1570339708.9448
MEM 31.457031 1570339709.0714
CHLD 0 31.585938 1570339709.0754
CHLD 1 218.554688 1570339709.0754
CHLD 2 148.968750 1570339709.0754
CHLD 3 1068.511719 1570339709.0754
CHLD 4 525.128906 1570339709.0754
CHLD 5 442.171875 1570339709.0754
CHLD 6 170.128906 1570339709.0754
CHLD 7 204.050781 1570339709.0754
CHLD 8 160.015625 1570339709.0754
MEM 31.457031 1570339709.1986
CHLD 0 31.585938 1570339709.2016
CHLD 1 219.179688 1570339709.2016
CHLD 2 149.320312 1570339709.2016
CHLD 3 1069.324219 1570339709.2016
CHLD 4 525.816406 1570339709.2016
CHLD 5 442.835938 1570339709.2016
CHLD 6 171.308594 1570339709.2016
CHLD 7 205.238281 1570339709.2016
CHLD 8 161.226562 1570339709.2016
MEM 31.457031 1570339709.3367
CHLD 0 31.585938 1570339709.3397
CHLD 1 219.734375 1570339709.3397
CHLD 2 149.980469 1570339709.3397
CHLD 3 1070.136719 1570339709.3397
CHLD 4 526.691406 1570339709.3397
CHLD 5 443.585938 1570339709.3397
CHLD 6 172.281250 1570339709.3397
CHLD 7 206.050781 1570339709.3397
CHLD 8 162.531250 1570339709.3397
MEM 31.457031 1570339709.4604
CHLD 0 31.585938 1570339709.4629
CHLD 1 220.488281 1570339709.4629
CHLD 2 150.550781 1570339709.4629
CHLD 3 1070.761719 1570339709.4629
CHLD 4 527.878906 1570339709.4629
CHLD 5 444.273438 1570339709.4629
CHLD 6 173.484375 1570339709.4629
CHLD 7 206.675781 1570339709.4629
CHLD 8 163.734375 1570339709.4629
MEM 31.457031 1570339709.5856
CHLD 0 31.585938 1570339709.5886
CHLD 1 221.183594 1570339709.5886
CHLD 2 151.406250 1570339709.5886
CHLD 3 1071.386719 1570339709.5886
CHLD 4 529.066406 1570339709.5886
CHLD 5 445.023438 1570339709.5886
CHLD 6 174.687500 1570339709.5886
CHLD 7 207.300781 1570339709.5886
CHLD 8 164.882812 1570339709.5886
MEM 31.457031 1570339709.7028
CHLD 0 31.585938 1570339709.7058
CHLD 1 221.867188 1570339709.7058
CHLD 2 152.007812 1570339709.7058
CHLD 3 1072.074219 1570339709.7058
CHLD 4 530.191406 1570339709.7058
CHLD 5 445.632812 1570339709.7058
CHLD 6 175.828125 1570339709.7058
CHLD 7 208.050781 1570339709.7058
CHLD 8 165.824219 1570339709.7058
MEM 31.457031 1570339709.8274
CHLD 0 31.585938 1570339709.8304
CHLD 1 222.433594 1570339709.8304
CHLD 2 152.640625 1570339709.8304
CHLD 3 1072.761719 1570339709.8304
CHLD 4 531.378906 1570339709.8304
CHLD 5 446.273438 1570339709.8304
CHLD 6 176.460938 1570339709.8304
CHLD 7 208.613281 1570339709.8304
CHLD 8 167.027344 1570339709.8304
MEM 31.457031 1570339709.9586
CHLD 0 31.585938 1570339709.9616
CHLD 1 223.054688 1570339709.9616
CHLD 2 153.843750 1570339709.9616
CHLD 3 1073.636719 1570339709.9616
CHLD 4 532.566406 1570339709.9616
CHLD 5 446.921875 1570339709.9616
CHLD 6 177.093750 1570339709.9616
CHLD 7 210.117188 1570339709.9616
CHLD 8 167.617188 1570339709.9616
MEM 31.457031 1570339710.0937
CHLD 0 31.585938 1570339710.0967
CHLD 1 223.886719 1570339710.0967
CHLD 2 155.109375 1570339710.0967
CHLD 3 1074.261719 1570339710.0967
CHLD 4 533.816406 1570339710.0967
CHLD 5 447.835938 1570339710.0967
CHLD 6 177.656250 1570339710.0967
CHLD 7 210.925781 1570339710.0967
CHLD 8 168.863281 1570339710.0967
MEM 31.457031 1570339710.2249
CHLD 0 31.585938 1570339710.2279
CHLD 1 224.683594 1570339710.2279
CHLD 2 156.312500 1570339710.2279
CHLD 3 1074.898438 1570339710.2279
CHLD 4 535.199219 1570339710.2279
CHLD 5 448.519531 1570339710.2279
CHLD 6 178.613281 1570339710.2279
CHLD 7 211.554688 1570339710.2279
CHLD 8 170.066406 1570339710.2279
MEM 31.457031 1570339710.3515
CHLD 0 31.585938 1570339710.3545
CHLD 1 225.234375 1570339710.3545
CHLD 2 157.199219 1570339710.3545
CHLD 3 1075.761719 1570339710.3545
CHLD 4 536.382812 1570339710.3545
CHLD 5 449.144531 1570339710.3545
CHLD 6 179.171875 1570339710.3545
CHLD 7 212.171875 1570339710.3545
CHLD 8 171.269531 1570339710.3545
MEM 31.457031 1570339710.4907
CHLD 0 31.585938 1570339710.4937
CHLD 1 225.941406 1570339710.4937
CHLD 2 158.402344 1570339710.4937
CHLD 3 1076.511719 1570339710.4937
CHLD 4 537.695312 1570339710.4937
CHLD 5 449.832031 1570339710.4937
CHLD 6 180.070312 1570339710.4937
CHLD 7 212.992188 1570339710.4937
CHLD 8 172.535156 1570339710.4937
MEM 31.457031 1570339710.6159
CHLD 0 31.585938 1570339710.6189
CHLD 1 226.558594 1570339710.6189
CHLD 2 159.011719 1570339710.6189
CHLD 3 1077.386719 1570339710.6189
CHLD 4 538.820312 1570339710.6189
CHLD 5 450.707031 1570339710.6189
CHLD 6 181.019531 1570339710.6189
CHLD 7 213.617188 1570339710.6189
CHLD 8 173.421875 1570339710.6189
MEM 31.457031 1570339710.7365
CHLD 0 31.585938 1570339710.7395
CHLD 1 227.121094 1570339710.7395
CHLD 2 159.921875 1570339710.7395
CHLD 3 1078.136719 1570339710.7395
CHLD 4 539.882812 1570339710.7395
CHLD 5 451.832031 1570339710.7395
CHLD 6 181.660156 1570339710.7395
CHLD 7 214.164062 1570339710.7395
CHLD 8 174.625000 1570339710.7395
MEM 31.457031 1570339710.8717
CHLD 0 31.585938 1570339710.8747
CHLD 1 227.707031 1570339710.8747
CHLD 2 160.570312 1570339710.8747
CHLD 3 1078.761719 1570339710.8747
CHLD 4 541.132812 1570339710.8747
CHLD 5 453.144531 1570339710.8747
CHLD 6 182.578125 1570339710.8747
CHLD 7 214.992188 1570339710.8747
CHLD 8 175.828125 1570339710.8747
MEM 31.457031 1570339711.0088
CHLD 0 31.585938 1570339711.0118
CHLD 1 228.445312 1570339711.0118
CHLD 2 161.187500 1570339711.0118
CHLD 3 1079.640625 1570339711.0118
CHLD 4 542.445312 1570339711.0118
CHLD 5 454.457031 1570339711.0118
CHLD 6 183.210938 1570339711.0118
CHLD 7 215.617188 1570339711.0118
CHLD 8 177.027344 1570339711.0118
MEM 31.457031 1570339711.1345
CHLD 0 31.585938 1570339711.1375
CHLD 1 229.121094 1570339711.1375
CHLD 2 161.785156 1570339711.1375
CHLD 3 1080.386719 1570339711.1375
CHLD 4 542.703125 1570339711.1375
CHLD 5 455.660156 1570339711.1375
CHLD 6 183.769531 1570339711.1375
CHLD 7 216.367188 1570339711.1385
CHLD 8 177.664062 1570339711.1385
MEM 31.457031 1570339711.2816
CHLD 0 31.585938 1570339711.2846
CHLD 1 229.714844 1570339711.2846
CHLD 2 162.386719 1570339711.2846
CHLD 3 1081.265625 1570339711.2846
CHLD 4 542.945312 1570339711.2846
CHLD 5 456.972656 1570339711.2846
CHLD 6 184.667969 1570339711.2846
CHLD 7 216.742188 1570339711.2846
CHLD 8 178.867188 1570339711.2846
MEM 31.457031 1570339711.4078
CHLD 0 31.585938 1570339711.4108
CHLD 1 230.433594 1570339711.4108
CHLD 2 163.023438 1570339711.4108
CHLD 3 1081.890625 1570339711.4108
CHLD 4 544.132812 1570339711.4108
CHLD 5 458.144531 1570339711.4108
CHLD 6 185.269531 1570339711.4108
CHLD 7 217.054688 1570339711.4108
CHLD 8 180.035156 1570339711.4118
MEM 31.457031 1570339711.5354
CHLD 0 31.585938 1570339711.5384
CHLD 1 231.058594 1570339711.5384
CHLD 2 163.886719 1570339711.5384
CHLD 3 1082.578125 1570339711.5384
CHLD 4 545.320312 1570339711.5384
CHLD 5 459.332031 1570339711.5384
CHLD 6 185.937500 1570339711.5384
CHLD 7 217.742188 1570339711.5384
CHLD 8 181.281250 1570339711.5384
MEM 31.457031 1570339711.6696
CHLD 0 31.585938 1570339711.6726
CHLD 1 231.683594 1570339711.6726
CHLD 2 164.550781 1570339711.6726
CHLD 3 1083.515625 1570339711.6726
CHLD 4 546.632812 1570339711.6726
CHLD 5 460.644531 1570339711.6726
CHLD 6 186.515625 1570339711.6726
CHLD 7 218.554688 1570339711.6726
CHLD 8 182.484375 1570339711.6726
MEM 31.457031 1570339711.8007
CHLD 0 31.585938 1570339711.8037
CHLD 1 232.464844 1570339711.8037
CHLD 2 165.121094 1570339711.8037
CHLD 3 1084.140625 1570339711.8037
CHLD 4 547.882812 1570339711.8037
CHLD 5 461.894531 1570339711.8037
CHLD 6 187.394531 1570339711.8037
CHLD 7 219.242188 1570339711.8037
CHLD 8 183.812500 1570339711.8037
MEM 31.457031 1570339711.9254
CHLD 0 31.585938 1570339711.9284
CHLD 1 233.121094 1570339711.9284
CHLD 2 165.753906 1570339711.9284
CHLD 3 1084.828125 1570339711.9284
CHLD 4 549.070312 1570339711.9284
CHLD 5 463.082031 1570339711.9284
CHLD 6 188.027344 1570339711.9284
CHLD 7 219.867188 1570339711.9284
CHLD 8 185.019531 1570339711.9284
MEM 31.457031 1570339712.0586
CHLD 0 31.585938 1570339712.0616
CHLD 1 233.691406 1570339712.0616
CHLD 2 166.640625 1570339712.0616
CHLD 3 1085.640625 1570339712.0616
CHLD 4 550.320312 1570339712.0616
CHLD 5 464.394531 1570339712.0616
CHLD 6 188.914062 1570339712.0616
CHLD 7 220.667969 1570339712.0616
CHLD 8 186.183594 1570339712.0616
MEM 31.457031 1570339712.1797
CHLD 0 31.585938 1570339712.1827
CHLD 1 234.371094 1570339712.1827
CHLD 2 167.273438 1570339712.1827
CHLD 3 1086.390625 1570339712.1827
CHLD 4 551.382812 1570339712.1827
CHLD 5 465.519531 1570339712.1827
CHLD 6 189.546875 1570339712.1827
CHLD 7 221.304688 1570339712.1827
CHLD 8 187.109375 1570339712.1827
MEM 31.457031 1570339712.3179
CHLD 0 31.585938 1570339712.3209
CHLD 1 235.121094 1570339712.3209
CHLD 2 167.843750 1570339712.3209
CHLD 3 1087.015625 1570339712.3209
CHLD 4 552.632812 1570339712.3209
CHLD 5 466.867188 1570339712.3209
CHLD 6 190.113281 1570339712.3209
CHLD 7 222.054688 1570339712.3209
CHLD 8 187.937500 1570339712.3209
MEM 31.457031 1570339712.4525
CHLD 0 31.585938 1570339712.4555
CHLD 1 235.808594 1570339712.4555
CHLD 2 168.464844 1570339712.4555
CHLD 3 1087.640625 1570339712.4555
CHLD 4 553.945312 1570339712.4555
CHLD 5 468.179688 1570339712.4555
CHLD 6 191.066406 1570339712.4555
CHLD 7 222.742188 1570339712.4555
CHLD 8 188.445312 1570339712.4555
MEM 31.457031 1570339712.5877
CHLD 0 31.585938 1570339712.5907
CHLD 1 236.371094 1570339712.5907
CHLD 2 169.109375 1570339712.5907
CHLD 3 1088.960938 1570339712.5907
CHLD 4 555.195312 1570339712.5907
CHLD 5 469.492188 1570339712.5907
CHLD 6 191.632812 1570339712.5907
CHLD 7 223.617188 1570339712.5907
CHLD 8 189.207031 1570339712.5907
MEM 31.457031 1570339712.7208
CHLD 0 31.585938 1570339712.7238
CHLD 1 237.183594 1570339712.7238
CHLD 2 169.945312 1570339712.7238
CHLD 3 1089.628906 1570339712.7238
CHLD 4 556.445312 1570339712.7238
CHLD 5 470.742188 1570339712.7238
CHLD 6 192.585938 1570339712.7238
CHLD 7 224.242188 1570339712.7238
CHLD 8 189.226562 1570339712.7238
MEM 31.457031 1570339712.8475
CHLD 0 31.585938 1570339712.8505
CHLD 1 237.871094 1570339712.8505
CHLD 2 170.566406 1570339712.8505
CHLD 3 1090.308594 1570339712.8505
CHLD 4 557.695312 1570339712.8505
CHLD 5 471.992188 1570339712.8505
CHLD 6 193.148438 1570339712.8505
CHLD 7 224.992188 1570339712.8505
CHLD 8 189.226562 1570339712.8505
